chr	start	end	bg_mean	bm_mean	mean_intensity	log2_fold_change	coefficient_of_variation
chr2	155234533	155237033	1.0637989874584917	43.35565448287406	22.209726735166274	4.425743666541881	0.9521021127300004
chrX	106185100	106187600	2.744718934492352	53.782963788881744	28.26384136168705	3.8707979745450483	0.9028893879155101
chr17	26508019	26510519	8.780749653386666	93.2969780011214	51.03886382725403	3.269194585575559	0.8279595391639994
chr6	82773954	82776454	3.29718912687411	40.428690467152606	21.862939797013357	3.2691650392490836	0.8491882081052736
chr11	69836514	69839014	8.557410639445104	86.985711842222	47.771561240833556	3.202577549708322	0.8208680977306951
chr4	72199348	72201848	5.67163548562124	56.16112205165543	30.916378768638335	3.098921863946426	0.8165491654742385
chr15	99053174	99055674	8.586797351805837	0.1829352509825909	4.384866301394214	-3.018677827945597	0.9582803126917632
chr12	30909668	30912168	2.9798126333782062	30.916057416057875	16.947935024718042	3.0035100302784103	0.8241784247442392
chr10	110918177	110920677	3.820272606895136	36.952920698483375	20.386596652689256	2.977024269297051	0.8126086137878636
chr10	128673418	128675918	3.796763237006551	36.22117969455301	20.00897146577978	2.9559906445914588	0.8102469562965822
chr5	30907288	30909788	9.491908092516375	0.3658705019651819	4.9288892972407785	-2.941384461523332	0.9257701928566344
chr6	89641988	89644488	3.9554514837545023	36.952920698483375	20.454186091118938	2.9371225034115955	0.8066189744175677
chr10	31445421	31447921	2.609540057632985	26.3426761414931	14.476108099563042	2.921267532591636	0.8197346939049347
chr13	51844678	51847178	5.507069896401142	48.11197100842143	26.809520452411284	2.915994767513906	0.7945852889768557
chr17	24893116	24895616	6.324020500029486	0.0	3.162010250014743	-2.872635829263252	1.0
chr10	128192457	128194957	3.003322003266792	27.89762577484512	15.450473889055957	2.8516813986975973	0.8056161885497806
chr7	119184103	119186603	0.664139699352539	10.610244556990276	5.6371921281714075	2.802549907865191	0.882186080542908
chr2	119349229	119351729	3.884923374088746	31.83073367097083	17.857828522529786	2.748639153216855	0.7824526442737733
chr7	25297486	25299986	2.1922487421105936	19.574071855137237	10.883160298623915	2.6881823719476	0.7985650599681247
chr9	107549555	107552055	6.59437825374822	0.1829352509825909	3.388656752365405	-2.6825607485257277	0.9460154083605855
chr4	117017402	117019902	1.9630323856968848	17.744719345311324	9.853875865504104	2.661337925049564	0.8007857605991408
chr11	101440298	101442798	5.2543441700988485	0.0	2.6271720850494242	-2.644858611465183	1.0
chr8	72132975	72135475	5.665758143149094	0.0914676254912954	2.878612884320195	-2.6104996338708424	0.9682251038375045
chr11	78174711	78177211	3.661584360147184	27.257352396406056	15.45946837827662	2.59973401650821	0.7631494000600706
chr9	106427454	106429954	2.9798126333782062	22.68397112184128	12.831891877609744	2.573138583308613	0.7677807246351838
chr1	87156021	87158521	1.09906304229137	11.34198556092064	6.220524301606005	2.5557571102355356	0.8233166548344462
chr7	129255031	129257531	2.9386712360731817	21.769294866928327	12.353983051500755	2.5313087097057854	0.76212762929797
chr3	8923418	8925918	5.389523046958215	35.67237394160524	20.530948494281727	2.5209135114534544	0.7374927393900333
chr10	127288774	127291274	9.768143188707256	60.55156807523761	35.159855631972434	2.515026111648484	0.7221790871113632
chr7	45123939	45126439	5.489437868984703	0.1829352509825909	2.836186559983647	-2.4557224052185824	0.9354995705981889
chr16	36071015	36073515	4.302214689611138	27.623222898371235	15.962718793991186	2.432519132792845	0.7304835883452002
chr6	85185438	85187938	3.6968484149800624	24.147453129702008	13.922150772341036	2.420647356685799	0.7344628372848435
chr6	91210455	91212955	8.798381680803105	49.483985390790856	29.14118353579698	2.3652104106672134	0.6980774075289294
chr18	37969274	37971774	2.879897811351718	18.84233085120687	10.861114331279294	2.354490946713017	0.7348432468795765
chr3	89394276	89396776	2.6506814549380096	15.915366835485417	9.283024145211712	2.2120967694056635	0.7144592738881047
chr18	67341564	67344064	5.266098855043142	0.3658705019651819	2.8159846785041616	-2.1977468217406044	0.8700736886965129
chrX	155215949	155218449	2.5507666329115217	15.18362583155505	8.867196232233287	2.1883324196967107	0.7123367334942707
chr13	54787377	54789877	6.77069852791261	33.20274805334026	19.986723290626433	2.137996047403921	0.6612401928290068
chr10	80290453	80292953	4.613713840634895	23.59864737675424	14.106180608694567	2.1315515578714477	0.6729296208081187
chr2	29252505	29255005	5.565843321122606	27.623222898371235	16.59453310974692	2.1241338960078266	0.6645977754051142
chr2	29252506	29255006	5.565843321122606	27.623222898371235	16.59453310974692	2.1241338960078266	0.6645977754051142
chr9	20640878	20643378	4.648977895467773	23.232776874789053	13.940877385128413	2.1008979746107026	0.6665218574817161
chr15	99723618	99726118	18.06107341690577	80.67444568332262	49.367759550114194	2.0992553919194408	0.6341524593885688
chr11	116012219	116014719	5.648126115732655	27.440287647388644	16.544206881560648	2.0969164009916876	0.6586039961802113
chr15	75747422	75749922	7.211499213323587	32.92834517686637	20.06992219509498	2.0467735146611687	0.6406812570959517
chr12	81594508	81597008	1.7925894540046408	10.427309306007684	6.109949380006163	2.032810344184185	0.7066114066557402
chr13	73328042	73330542	6.582623568803927	29.452575408197145	18.017599488500537	2.0057952348535437	0.6346559055769228
chr5	28466756	28469256	2.4214650985243016	12.256661815833596	7.339063457178948	1.954031397513979	0.6700580240717684
chr2	148407688	148410188	4.308092032083284	19.02526610218946	11.666679067136371	1.9155561241695223	0.6307353611690014
chr8	57487360	57489860	6.118313513504364	25.61093513756273	15.864624325533548	1.9024118288371372	0.6143423639942638
chr4	155774198	155776698	8.733730913609495	34.20889193374451	21.471311423677	1.854875027202745	0.5932371925834689
chr7	126693401	126695901	5.066269210990165	20.763150986524074	12.91471009875712	1.8430060239757684	0.6077132841349857
chr10	81266434	81268934	7.317291377822222	28.53789915328419	17.927595265553208	1.8283815402111785	0.5918420028210946
chr7	16450779	16453279	4.378620141749041	17.744719345311324	11.061669743530182	1.8011762159605142	0.6041628214121982
chr1	91413538	91416038	12.342419191507362	43.63005735934794	27.98623827542765	1.741995387112399	0.558982558854857
chr7	45713457	45715957	4.9075809642422135	18.65939560022428	11.783488282233247	1.7345795669919353	0.5835205291762625
chr6	72958248	72960748	3.6498296752028914	14.451884827624689	9.05085725141379	1.7325330535262937	0.596742101458647
chr11	94473698	94476198	2.556643975383668	10.701712182481572	6.62917807893262	1.7181311677880546	0.6143346965578393
chr13	55725368	55727868	2.7623509619087905	11.34198556092064	7.052168261414716	1.7138681732598684	0.6082976384691872
chr18	33792892	33795392	2.897529838768157	11.34198556092064	7.119757699844399	1.6629425387818464	0.5930297123971673
chr11	31369574	31372074	5.389523046958215	19.20820135317205	12.298862200065132	1.6611607704959848	0.5617868580615797
chr17	45684322	45686822	6.171209595753681	1.2805467568781368	3.7258781763159092	-1.65283673509016	0.6563100841519403
chr11	115187359	115189859	3.6733390450914767	13.537208572711732	8.605273808901604	1.6372246584026877	0.5731293243346142
chr3	94785992	94788492	3.2266610172083534	12.073726564851004	7.650193791029679	1.6290801124236105	0.5782249305904105
chr7	142530686	142533186	5.242589485154556	18.2020574727678	11.72232347896118	1.6210444000208337	0.5527687412342975
chr5	110839277	110841777	7.411328857376564	24.51332363166719	15.962326244521877	1.600845205012679	0.5356986980566154
chr11	51617735	51620235	4.760647402438554	16.098302086468006	10.42947474445328	1.569550207017136	0.5435391024873601
chr10	80854709	80857209	8.416354420113592	26.891481894440872	17.653918157277232	1.5665840600295702	0.5232585568182079
chr7	19147722	19150222	1.9336456733361531	7.683280541268821	4.808463107302487	1.5655455631254458	0.5978661725823422
chr2	39005124	39007624	3.8379046343115752	13.262805696237844	8.55035516527471	1.5598035722481587	0.5511409105088012
chr10	59951270	59953770	13.306303356939368	40.97749622010038	27.141899788519872	1.552965180064432	0.5097504794941622
chr8	57509907	57512407	9.544804174765694	29.452575408197145	19.498689791481418	1.5300319402078215	0.510489972565458
chr3	145648312	145650812	5.401277731902508	17.19591359236355	11.298595662133028	1.507182679568394	0.5219514094123431
chr10	75515551	75518051	7.464224939625881	23.04984162380646	15.257033281716172	1.5065775202204694	0.5107682600017062
chr15	85581321	85583821	6.0007666640614366	18.84233085120687	12.421548757634154	1.5029966796357814	0.516906725469847
chr10	128891218	128893718	4.002470223531673	12.805467568781369	8.40396889615652	1.4645271706539413	0.523740476316831
chr17	33522204	33524704	2.168739372222008	7.50034529028623	4.834542331254119	1.4236124423716554	0.5514075121027187
chr17	25715171	25717671	4.6019591556906025	13.903079074676914	9.252519115183759	1.411607062053608	0.502626355222698
chr1	104766529	104769029	5.941993239339973	16.1897697119593	11.065881475649636	1.3081283521675116	0.46303480184427515
chr10	75559830	75562330	4.502044333664114	12.53106469230748	8.516554512985797	1.298235692715627	0.4713772656771553
chr18	35962830	35965330	6.852981322522659	2.286690637282387	4.569835979902523	-1.2566047979710673	0.49961209825934205
chr18	9210856	9213356	4.343356086916162	11.616388437394528	7.979872262155345	1.2394809158758304	0.45571107603882477
chr18	60772510	60775010	4.760647402438554	12.53106469230748	8.645856047373016	1.2319725011011597	0.4493723494407424
chr17	46031877	46034377	5.407155074374654	13.903079074676914	9.655117074525783	1.217854617782083	0.4399700145904
chr8	70510301	70512801	3.62044296284216	9.51263305109473	6.566538006968445	1.1860209849225691	0.44865270573319965
chr13	34129854	34132354	16.46831360695411	37.68466170241374	27.076487654683923	1.1470213204985067	0.3917854554482706
chr2	25271938	25274438	2.8740204688795714	7.50034529028623	5.187182879582901	1.1336898691518058	0.4459380870892545
chr5	34658379	34660879	5.078023895934457	11.34198556092064	8.210004728427549	1.0219002598833309	0.38148343832841564
chr5	122987354	122989854	4.978109073907969	9.604100676586024	7.2911048752469965	0.8268611473620798	0.3172352943641715
chr4	135961727	135964227	6.100681486087925	11.52492081190323	8.812801148995579	0.8187720834302296	0.30774774297690366
chr12	4841095	4843595	4.05536630578099	7.50034529028623	5.77785579803361	0.7497058139071601	0.29811915569766184
chr1	39365842	39368342	3.4206133187891834	6.219798533408093	4.820205926098638	0.7077120356871939	0.29035950512642356
chr17	24533710	24536210	6.282879102724462	9.32969780011214	7.8062884514183	0.5042172467092457	0.19515155738538653
chr15	79345541	79348041	7.534753049291638	5.122187027512547	6.328470038402092	-0.47930229125432855	0.19061210743981427
chr15	83724521	83727021	3.5264054832878178	5.122187027512547	4.324296255400182	0.4356812890936958	0.18451343871640583
chr4	119320046	119322546	5.095655923350897	4.756316525547365	4.925986224449131	-0.08263554599211612	0.034443802960642686
chr1	134403559	134406059	1.0755536724027843	0.0	0.5377768362013922		1.0
chr10	29535367	29537867	0.7875638912676126	0.0	0.3937819456338063		1.0
chr10	78778496	78780996	3.544037510704257	1.0976115058955458	2.3208245082999013		0.5270596712633
chr11	32203415	32205915	4.954599704019384	0.3658705019651819	2.660235102992283		0.8624668543191375
chr11	98329148	98331648	2.6800681672987414	0.0	1.3400340836493707		1.0
chr12	11150342	11152842	0.3643952332730745	0.0	0.18219761663653725		1.0
chr14	24488681	24491181	3.591056250481428	0.0	1.795528125240714		1.0
chr14	122983535	122986035	1.8866269335589825	0.0	0.9433134667794912		1.0
chr15	66969140	66971640	4.648977895467773	0.7317410039303639	2.6903594496990686		0.7280136659760416
chr15	103537492	103539992	4.337478744444016	0.0	2.168739372222008		1.0
chr16	23890344	23892844	2.021805810418349	0.0	1.0109029052091745		1.0
chr16	33054453	33056953	2.879897811351718	0.0	1.439948905675859		1.0
chr17	23676949	23679449	4.161158470279625	2.3781582627736824	3.269658366526654		0.27265848716176694
chr18	31787159	31789659	2.0982112625562515	1.6464172588433188	1.8723142606997851		0.12065122111073191
chr18	61013699	61016199	1.716184001866738	2.012287760808501	1.8642358813376194		0.07941692408830354
chr2	148393344	148395844	1.6691652620895672	0.0	0.8345826310447836		1.0
chr2	152413587	152416087	4.302214689611138	0.0	2.151107344805569		1.0
chr2	180497976	180500476	2.168739372222008	0.1829352509825909	1.1758373116022993		0.8444212909579242
chr3	18052174	18054674	1.3635434535379565	0.0	0.6817717267689782		1.0
chr3	102467919	102470419	1.1931005218457118	0.1829352509825909	0.6880178864141513		0.7341126523090516
chr4	111413006	111415506	2.039437837834788	1.2805467568781368	1.6599922973564625		0.22858271154787443
chr4	119193306	119195806	0.8992333982383935	2.012287760808501	1.4557605795234472		0.38229307010582503
chr4	122993652	122996152	3.4735094010385006	0.0	1.7367547005192503		1.0
chr5	121545405	121547905	3.079727455404694	4.207510772599592	3.643619114002143		0.15476141741337826
chr5	135743948	135746448	4.425638881526211	4.573381274564774	4.499510078045493		0.016417608859178208
chr5	140319656	140322156	4.760647402438554	0.0	2.380323701219277		1.0
chr6	41603482	41605982	0.9580068229598572	2.3781582627736824	1.6680825428667698		0.42568380260522065
chr6	87728869	87731369	3.0856047978768406	3.658705019651819	3.3721549087643297		0.08497536994600607
chr7	19309551	19312051	3.079727455404694	1.6464172588433188	2.3630723571240067		0.303272600231716
chr7	19506395	19508895	3.585178908009281	4.573381274564774	4.0792800912870275		0.12112460341546583
chr7	31050967	31053467	2.19812608458274	0.9146762549129548	1.5564011697478475		0.4123133079749988
chr7	99483238	99485738	4.502044333664114	0.0914676254912954	2.296755979577705		0.9601752966773104
chr7	100535071	100537571	3.0679727704604014	0.9146762549129548	1.991324512686678		0.540669414208696
chr7	109174707	109177207	3.4558773736220614	3.1098992667040464	3.282888320163054		0.05269416336721911
chr7	127260209	127262709	4.7959114572714325	3.8416402706344095	4.318775863952921		0.11047935997349845
chr7	138909019	138911519	3.4735094010385006	3.1098992667040464	3.2917043338712735		0.055231287116668734
chr8	27258329	27260829	4.296337347138992	4.939251776529956	4.617794561834474		0.06961271455258929
chr8	70872990	70875490	3.4735094010385006	0.6402733784390684	2.0568913897387846		0.6887179451315706
chr8	84249219	84251719	3.1678875924868897	0.0	1.5839437962434448		1.0
chr9	35569898	35572398	3.36183989406772	0.0	1.68091994703386		1.0
chr9	53769535	53772035	0.6465076719360999	0.0	0.32325383596804996		1.0
chr9	121838961	121841461	2.997444660794645	0.0	1.4987223303973225		1.0
chrX	36326353	36328853	1.4517035906201516	0.0	0.7258517953100758		1.0
chrX	99134130	99136630	3.5264054832878178	1.4634820078607278	2.4949437455742727		0.4134208394651113
chrX	109012904	109015404	1.4928449879251762	0.0	0.7464224939625881		1.0
chrX	136031367	136033867	1.2107325492621508	0.0	0.6053662746310754		1.0
