chr	start	end	bg_mean	bm_mean	log2_fold_change
chr10	77166048	77168548	3.54343951220303	58.01607754000617	3.699251259113744
chr7	45015863	45018363	5.729902756664672	71.02102378051762	3.419760543655882
chr15	84667620	84670120	9.696139028846472	0.0	-3.419018217761463
chr8	54075606	54078106	1.2563103725083469	19.546356325559127	3.1868451301190053
chr10	58811359	58813859	2.685766084817524	29.436345382714546	3.045758719794475
chr5	96371955	96374455	1.4334823481184984	18.06675166346501	2.9699648628083755
chr9	35419128	35421628	2.560940374728553	26.86650570644581	2.9682019242612907
chrX	48208378	48210878	0.8415668841482196	13.004946240511453	2.9269307447205613
chr5	22344202	22346702	1.159671113084628	15.341164128028478	2.919627230803319
chr11	102088015	102090515	2.685766084817524	26.243514269774604	2.885876396297848
chr9	14381007	14383507	2.854884788809032	25.309027114767797	2.770798251889075
chr15	72809824	72812324	1.3851627184066388	15.107542339276776	2.7555767900093713
chr1	44549511	44552011	1.876412287143877	18.06675166346501	2.7287166949271824
chr5	139905943	139908443	5.62521022562231	0.0	-2.7279662336803057
chrX	151342175	151344675	3.2454684623132297	26.71075784727801	2.706450506352112
chr7	84086002	84088502	5.4923312439146965	0.0	-2.698736609214572
chr2	91455511	91458011	5.415825163537585	0.0	-2.681634827713333
chr7	105648827	105651327	2.3233688619785777	19.62423025514303	2.633621943283086
chr2	146219921	146222421	3.1286960238429025	24.374539959760984	2.6196235576879765
chr15	79106898	79109398	3.7407446668597895	28.034614650204325	2.6145882888610483
chr8	86580186	86582686	5.001081675177458	0.0	-2.5852225651821494
chr5	23432441	23434941	9.398167978956671	59.49568220210029	2.540502808864579
chr3	84039675	84042175	4.6990839894783365	0.0	-2.5107300543589224
chr5	132542844	132545344	3.998449358656373	27.333749283949217	2.502969009925476
chr5	30812641	30815141	4.642711088147833	0.0	-2.4963884841974053
chr6	55449978	55452478	5.496357879724018	0.1557478591678018	-2.4908044215317435
chr16	5145109	5147609	3.942076457325871	26.63288391769411	2.483196902052409
chr4	127167204	127169704	4.50983210644022	0.0	-2.462008358198164
chr12	111907610	111910110	4.364873217304641	0.0	-2.4235440776123474
chr9	4795734	4798234	3.398480623067452	22.583439579331262	2.42269698517479
chr1	72874384	72876884	4.316553587592781	0.0	-2.4104913334502642
chr1	132314126	132316626	4.348766674067355	27.255875354365315	2.4012727075493574
chr4	129134999	129137499	4.280313865308887	0.0	-2.40062368686908
chr15	103537503	103540003	4.2682339578809225	0.0	-2.397319415901899
chr2	71979240	71981740	2.858911424618354	19.312734536807422	2.3961186363816775
chr2	130397074	130399574	4.574258279389366	0.0778739295839009	-2.370591402971664
chr2	148443063	148445563	4.123275068745344	0.0	-2.35706635219877
chr3	96179151	96181651	4.111195161317379	0.0	-2.3536606789705434
chr16	35768856	35771356	2.8387782455717456	18.37824738180061	2.335718967984611
chrX	133688487	133690987	3.0240034928005404	19.234860607223524	2.3301394481810767
chr13	102691558	102694058	1.566361329826112	11.758963367169036	2.31371490509977
chr9	51076594	51079094	4.022609173512303	23.517926734338072	2.2873280647129497
chr10	14545159	14547659	2.3354487694065424	15.263290198444578	2.285666368494622
chr9	88546020	88548520	2.605233368631091	16.509273071786993	2.2799546349954785
chr11	64433332	64435832	3.998449358656373	23.128557086418567	2.2711891333316485
chr9	86880154	86882654	2.146196886368426	13.939433395518265	2.247444571059416
chr6	116673452	116675952	3.704504944575895	0.0	-2.2340429160287534
chr2	160366565	160369065	4.453459205109717	24.374539959760984	2.218138119568312
chr2	25397351	25399851	3.607865685152176	0.0	-2.2040986642218425
chr3	100488824	100491324	4.429299390253787	23.751548523089777	2.1886808405338667
chr3	93553080	93555580	2.6213399118683776	15.49691198719628	2.1876004907398356
chr7	83582927	83585427	3.474986703444562	0.0	-2.1618833956946393
chr17	22422222	22424722	0.7247944456778924	6.697157944215478	2.157901414107882
chr18	23413135	23415635	2.395848306546367	14.017307325102164	2.1447822340634906
chr9	108824320	108826820	3.652158679054714	19.234860607223524	2.1208706994785906
chr11	32221800	32224300	8.077431433499179	1.0902350141746129	-2.118618967773259
chr3	154661859	154664359	4.376953124732606	21.80470028349225	2.0844704097014692
chr15	91671175	91673675	3.2253352832666216	0.0	-2.0790658247827793
chr11	97797000	97799500	3.5555194196309947	18.06675166346501	2.0653716132333475
chr7	142095343	142097843	5.609103682385023	26.555009988110207	2.0597881163363985
chr14	77034772	77037272	3.6360521358174274	18.222499522632813	2.0518272478075814
chr1	75544266	75546766	2.5488604673005884	13.627937677182658	2.043298627843929
chr9	27297204	27299704	2.113983799893853	11.758963367169036	2.0346777745061293
chr2	29252505	29255005	5.069534483935926	23.67367459350588	2.0233148136642933
chr2	181362928	181365428	3.040110036037827	0.0	-2.014394586611784
chr11	84878148	84880648	4.916522323181704	0.4672435775034054	-2.011641029160113
chr8	105878881	105881381	3.015950221181897	0.0	-2.005741386793888
chr1	84363680	84366180	3.003870313753932	0.0	-2.001395245718834
chr9	37255238	37257738	3.595785777724211	17.3658862972099	1.9986450623726038
chr7	78737512	78740012	1.1757776563219144	7.631645099222289	1.988104413373803
chr7	89630392	89632892	2.959577319851394	0.0	-1.98534643255217
chrX	129747742	129750242	1.892518830381164	10.43510656424272	1.9830715538860857
chr19	4876668	4879168	3.040110036037827	14.951794480108974	1.981252235835106
chr9	75683556	75686056	2.311288954550613	12.07045908550464	1.9808449991900747
chr16	97462407	97464907	2.399874942355688	12.381954803840244	1.9767352910214075
chr15	79658456	79660956	5.967474269414648	26.399262128942407	1.9754293668210727
chr15	64921796	64924296	1.4938818852583229	8.799754042980803	1.974352402363224
chr5	105293198	105295698	2.907231054330213	0.0	-1.9661465718973508
chr2	180587245	180589745	5.548704145245199	24.29666603017708	1.949665897567983
chr14	70888120	70890620	5.568837324291807	0.7008653662551081	-1.9493690904747554
chr10	10557765	10560265	2.858911424618354	0.0	-1.9481939294115813
chr1	36943166	36945666	2.8508581529997103	0.0	-1.945179982201934
chr13	94055796	94058296	2.049557626944707	10.590854423410525	1.9263150353504455
chr10	56375330	56377830	1.9488917317116663	10.201484775491018	1.925445216523038
chrX	168793099	168795599	2.7985118874785293	0.0	-1.9254343361784496
chr7	141265981	141268481	2.1824366086523206	11.058098000913928	1.9217986775821982
chr1	89930679	89933179	3.342107721736949	0.1557478591678018	-1.9095688274603708
chr14	24013991	24016491	2.734085714529383	0.0	-1.9007550444648056
chr11	84068761	84071261	2.7220058071014184	0.0	-1.89608030630246
chr10	34207215	34209715	1.1153781191820902	6.775031873799379	1.8779330246358648
chr1	21961442	21963942	2.4965142017794077	11.681089437585136	1.8586894232213587
chr4	115826092	115828592	4.320580223402104	0.4672435775034054	-1.858475190943357
chr6	85069013	85071513	2.3596085842624723	11.058098000913928	1.8436372951148379
chr9	51763337	51765837	2.862938060427675	0.0778739295839009	-1.8415100978337176
chr7	140955487	140957987	5.242679823736755	21.33745670598885	1.839227553598607
chr7	126246862	126249362	3.6441054074360704	0.3114957183356036	-1.824187619861669
chr8	105496402	105498902	2.532753924063302	0.0	-1.82079326100395
chr7	80404936	80407436	2.5166473808260155	0.0	-1.8142006811565923
chr8	122550829	122553329	3.708531580385217	15.49691198719628	1.8088468844969512
chr9	37432746	37435246	2.822671702334459	12.381954803840244	1.8076356673456022
chr6	121243906	121246406	2.4884609301607643	0.0	-1.8025906759299768
chr11	4159793	4162293	3.1770156535547622	13.394315888430956	1.7849547690849887
chr11	118401592	118404092	4.445405933491074	17.677382015545504	1.7781807432456864
chr6	56651987	56654487	0.5274892910211328	4.205192197530649	1.768789169281636
chr2	92024002	92026502	2.40390157816501	0.0	-1.767189322938666
chr2	113216596	113219096	1.888492194571842	8.799754042980803	1.7624289443504626
chr4	43056953	43059453	2.3596085842624723	0.0	-1.7482931596595797
chr14	63543482	63545982	1.872385651334556	8.644006183813	1.747383115177274
chr8	128356604	128359104	5.065507848126604	19.312734536807422	1.743684122541338
chr4	155692342	155694842	2.347528676834507	0.0	-1.7430964145487564
chr4	124861671	124864171	2.3757151274997588	10.27935870507492	1.7404199777363663
chr3	108086151	108088651	3.640078771626749	0.3893696479195045	-1.7397188115003377
chr12	112718455	112720955	2.319342226169256	0.0	-1.7308973798062541
chr2	24762652	24765152	2.55288710310991	0.0778739295839009	-1.7208033988855713
chr6	23132486	23134986	2.271022596457396	0.0	-1.709741725695355
chrX	141473576	141476076	2.25491605322011	0.0	-1.7026203356597933
chr12	79007127	79009627	2.25491605322011	0.0	-1.7026203356597933
chr4	155837680	155840180	6.454697202342564	1.3238568029263154	-1.6816285817949943
chr11	120230947	120233447	5.536624237817234	19.85785204389473	1.6739729253793665
chr14	54912632	54915132	2.9756838630886806	11.447467648833433	1.6465773189211168
chr7	16127826	16130326	5.544677509435878	19.390608466391324	1.63951081688114
chr5	136170213	136172713	4.775590069855447	0.85661322542291	-1.6372950481420134
chr17	36120965	36123465	3.168962381936119	11.914711226336838	1.6312551257194103
chr1	158360273	158362773	0.9824991374744764	5.13967935253746	1.6308430739216102
chr11	99039244	99041744	4.332660130830068	15.49691198719628	1.6292687074810275
chr2	152960485	152962985	2.085797349228601	0.0	-1.6256433202162393
chr3	25143761	25146261	2.0656641701819933	0.0	-1.61619966485401
chr17	32534558	32537058	2.778378708431921	10.43510656424272	1.5976305943526385
chr10	86498396	86500896	3.917916642469941	13.70581160676656	1.5802672211647841
chr3	54753582	54756082	2.794485251669208	10.201484775491018	1.5617138841873455
chr11	114763388	114765888	2.6978459922454885	9.889989057155416	1.5582454585625798
chr1	153549545	153552045	2.951524048232751	10.590854423410525	1.5525058256957003
chr14	55488651	55491151	3.036083400228505	10.824476212162226	1.5507483868228062
chr3	90389438	90391938	3.402507258876773	11.836837296752938	1.543892511269271
chr3	89912696	89915196	3.7326913952411465	12.693450522175848	1.5327532712084626
chr3	32815546	32818046	2.085797349228601	7.865266887973991	1.5225207437515744
chr7	143756485	143758985	3.3662675365928783	11.447467648833433	1.511379828664455
chr2	118777719	118780219	6.511070103673068	20.40296955098204	1.51072060841679
chr17	83631395	83633895	1.340869724504101	5.529049000456964	1.4798282219689836
chr13	74808310	74810810	0.5677556491143491	3.348578972107739	1.4718433162607365
chr4	46649709	46652209	2.118010435703175	7.631645099222289	1.4690097912365587
chr13	12106445	12108945	1.7676931202921933	0.0	-1.4686839869136947
chr8	95674980	95677480	3.2454684623132297	0.5451175070873063	-1.4582071953185551
chr5	88884486	88886986	1.952918367520988	0.0778739295839009	-1.4539530268901322
chr7	134937930	134940430	2.794485251669208	0.3893696479195045	-1.449473701527845
chr8	117156135	117158635	2.093850620847245	7.398023310470586	1.4406462512798224
chr11	120726781	120729281	6.378191121965454	18.84549095930402	1.4274721880613557
chr8	90347843	90350343	5.1460405643130365	15.49691198719628	1.4244668015529873
chr17	46545888	46548388	3.962209636372479	12.304080874256345	1.422814253214061
chr17	46282526	46285026	3.54343951220303	0.7008653662551081	-1.4175159245567406
chr3	123235649	123238149	3.446800252779311	10.824476212162226	1.4109367716533043
chr15	98870704	98873204	3.821277383046222	11.758963367169036	1.4040237786607266
chr9	34483894	34486394	2.275049232266718	7.631645099222289	1.3981189536865588
chr9	58249286	58251786	2.959577319851394	9.344871550068108	1.3854973940260833
chr5	121218219	121220719	2.4200081214022964	0.3114957183356036	-1.3827866534274442
chr7	126200001	126202501	3.1246693880335807	9.734241197987611	1.379869820687937
chr2	121270907	121273407	3.2213086474573	0.6229914366712073	-1.3790349301448825
chr17	32809431	32811931	3.144802567080189	0.6229914366712073	-1.3526479943646614
chr8	105965597	105968097	5.713796213427385	1.635352521261919	-1.349132788296638
chr5	21370642	21373142	3.809197475618257	11.13597193049783	1.3354215812750327
chr6	90484427	90486927	3.2253352832666216	9.50061940923591	1.313336702022274
chr17	78906492	78908992	1.4495888913557848	0.0	-1.2925396454853404
chr15	32242810	32245310	7.8197267417025955	20.480843480565937	1.2842447811170032
chr7	99827917	99830417	2.017344540470134	6.229914366712072	1.260699117155237
chr11	77724783	77727283	3.3743208082115217	9.189123690900306	1.21989904361348
chr19	60753987	60756487	2.1421702505591043	6.307788296295973	1.2176734887355076
chrX	16911274	16913774	1.5059617926862876	0.0778739295839009	-1.2171759713888637
chr18	72350569	72353069	1.3126832738388496	0.0	-1.2095676998046643
chr18	79108891	79111391	2.560940374728553	7.164401521718883	1.1970888561719581
chr4	116150838	116153338	5.383612077063012	1.7911003804297208	-1.1935389726273198
chr17	26939253	26941753	6.672135536045932	2.414091817100928	-1.1681263491499325
chr7	31126503	31129003	3.442773616969989	8.955501902148605	1.1640334203927603
chr3	137619612	137622112	1.2281239218430955	0.0	-1.155829473457453
chr1	119421748	119424248	4.066902167414841	10.201484775491018	1.144514098144587
chr1	125912601	125915101	1.1918841995592009	0.0	-1.1321715806274852
chr17	32916842	32919342	1.9488917317116663	5.451175070873063	1.1293891140316503
chr7	141443525	141446025	4.260180686262279	10.35723263465882	1.110427080912878
chr1	194616218	194618718	1.1516178414659848	0.0	-1.1054218570851548
chr4	108095945	108098445	1.1234313908007334	0.0	-1.0863974951931523
chr19	23447942	23450442	3.144802567080189	7.70951902880619	1.0712896679441903
chr19	34640243	34642743	1.083165032707517	0.0	-1.0587771372361696
chr15	103501034	103503534	4.167568062647882	9.734241197987611	1.0546628200951238
chr4	98817037	98819537	4.33668676663939	10.045736916323216	1.0494734304254012
chr13	74007407	74009907	4.2843405011182085	1.557478591678018	-1.0470012674932352
chr3	54915387	54917887	1.6187075953472931	4.360940056698451	1.0336310262254491
chr1	40223080	40225580	1.018738859758371	0.0	-1.013454298436557
chr6	148443889	148446389	1.1757776563219144	0.0778739295839009	-1.0133426871859508
chr7	45333280	45335780	3.680345129719965	8.410384395061298	1.007638736921897
chr10	117627500	117630000	5.1983868298342175	11.369593719249533	0.9968334168352914
chr1	131137840	131140340	3.032056764419184	7.008653662551081	0.9900437814275727
chr18	24706623	24709123	3.499146518300492	1.3238568029263154	-0.9531301782172379
chr14	31216446	31218946	5.234626552118113	11.058098000913928	0.9516273081184844
chr7	142387538	142390038	6.503016832054424	2.8813353946043336	-0.9509176898290876
chr6	8192117	8194617	0.8576734273855061	0.0	-0.8934969031727704
chr17	43566098	43568598	2.25491605322011	4.983931493369658	0.8784733230648192
chr11	98410470	98412970	2.4924875659700856	0.9344871550068108	-0.8523038300107386
chr1	106859173	106861673	0.7892206186270385	0.0	-0.8393312888852755
chr18	9210163	9212663	2.7461656219573483	5.529049000456964	0.801458184847508
chr6	38636742	38639242	3.092456301559008	6.074166507544271	0.7895931647718029
chr6	37299684	37302184	4.5259386496775065	8.488258324645198	0.7799237437408211
chr11	78463697	78466197	4.840016242804593	8.955501902148605	0.7695216689299955
chr6	3399072	3401572	0.6603682727287464	0.0	-0.7315032694715143
chr2	165234353	165236853	5.375558805444369	9.578493338819811	0.730510461548203
chr4	128805545	128808045	4.646737723957156	2.414091817100928	-0.7259157654032289
chr19	31764533	31767033	1.8683590155252336	3.737948620027244	0.7240369446301824
chrX	58020700	58023200	0.64426172949146	0.0	-0.7174399619060958
chr10	28072820	28075320	0.6402350936821384	0.0	-0.7139026100761758
chr11	60914250	60916750	3.7407446668597895	6.619284014631577	0.6845417411717458
chr7	74554280	74556780	3.3098946352623755	1.71322645084582	-0.6676431373172861
chr2	27027498	27029998	3.265601641359838	5.762670789208667	0.6648438835532336
chr3	105452455	105454955	3.5353862405843866	6.152040437128171	0.65712947528815
chr10	110455704	110458204	0.5677556491143491	0.0	-0.6487007180744386
chr2	69585565	69588065	4.280313865308887	7.164401521718883	0.6287234483614494
chr1	72822503	72825003	4.227967599787706	7.008653662551081	0.6153095309805552
chr8	3351415	3353915	1.9972113614235256	3.582200760859441	0.6124198437395354
chr5	3802425	3804925	2.782405344241243	1.4796046620941172	-0.609193857424392
chr11	7213423	7215923	4.759483526618161	7.70951902880619	0.5966536043071504
chr10	60752294	60754794	4.31252695178346	6.9307797329671805	0.5780644594943436
chr1	84695721	84698221	2.500540837588729	4.127318267946748	0.5506266155786296
chr19	5118060	5120560	2.7179791712920967	4.438813986282352	0.548773396736913
chr6	83163920	83166420	3.0964829373683296	4.983931493369658	0.5467078529873705
chr4	59579563	59582063	5.57689059591045	3.5043268312755407	-0.5460941594750296
chr5	113015291	113017791	5.911101368084145	3.737948620027244	-0.5446530863686566
chr13	55513176	55515676	3.34613435754627	5.217553282121361	0.5166141907911792
chr7	128521616	128524116	5.605077046575702	8.410384395061298	0.5106782650674158
chr16	35936470	35938970	2.0737174418006368	3.270705042523838	0.47448971304470067
chrX	71048240	71050740	2.6374464551056644	3.893696479195045	0.4279986131533569
chr10	70655465	70657965	0.3382374079830165	0.0	-0.420334077815676
chr13	76382535	76385035	2.6253665476776997	1.71322645084582	-0.41811740555738136
chr7	57417692	57420192	0.3342107721736949	0.0	-0.4159865945209535
chr16	74411325	74413825	6.132566337596835	4.360940056698451	-0.41193525618046384
chr2	152103516	152106016	2.6454997267243074	3.737948620027244	0.3781459601867754
chr3	124318855	124321355	0.9986056807117628	1.557478591678018	0.3557283029298354
chr2	168281236	168283736	2.343502041025185	1.635352521261919	-0.34336403930835696
chr2	164443387	164445887	2.5126207450166937	1.7911003804297208	-0.3317138071940608
chr7	97079586	97082086	4.151461519410595	5.451175070873063	0.3245801720955679
chr7	101315086	101317586	4.892362508325774	3.737948620027244	-0.3145836366234473
chr7	110625661	110628161	5.818488744469748	4.516687915866252	-0.3056496463607811
chr9	90161069	90163569	5.05745457650796	6.385662225879874	0.2860156029093274
chr15	39196261	39198761	2.122037071512496	2.8034614650204324	0.28482532019514334
chr9	59537540	59540040	6.845280875846762	5.529049000456964	-0.2649522304033813
chr5	138996870	138999370	7.674767852567017	6.229914366712072	-0.2628465903557107
chrX	103821483	103823983	4.143408247791952	5.13967935253746	0.25543864289553614
chr2	27884425	27886925	5.72587612085535	7.008653662551081	0.2518375239394616
chr16	90384013	90386513	3.213255375838657	3.971570408778946	0.23876627526127528
chr17	45553703	45556203	3.825304018855544	4.672435775034054	0.23334852696011346
chr1	133920914	133923414	4.582311551008009	5.529049000456964	0.2260102248873162
chr9	3530778	3533278	2.854884788809032	3.348578972107739	0.17385629147052667
chr4	63212004	63214504	3.2776815487878026	3.737948620027244	0.14743346823827497
chr2	129590835	129593335	2.60120673282177	2.9592093241882345	0.13673192292214031
chr14	54577058	54579558	3.527332968965744	3.971570408778946	0.13504022363946142
chr5	120503125	120505625	4.248100778834314	4.750309704617955	0.1318442357599271
chr16	4637941	4640441	4.469565748347003	4.983931493369658	0.12966736274070248
chr2	104711669	104714169	2.9958170421352888	2.7255875354365315	-0.10102256695661443
chr1	163313210	163315710	2.226729602554858	2.414091817100928	0.08142917193909832
chr12	79295804	79298304	2.4844342943514426	2.6477136058526307	0.06606801279495281
chr8	45410580	45413080	1.4536155271651066	1.557478591678018	0.05981296188379053
chrX	82946870	82949370	0.032213086474573	0.0	-0.045740826445983145
