chr	start	end	bg_mean	bm_mean	mean_intensity	log2_fold_change	coefficient_of_variation	gene	fold_change
chr3	93553080	93555580	1.2523803474806032	270.50843289546486	135.88040662147273	6.913402729554395	0.9907832160749313	Aass	120.54288841543134
chr2	130397074	130399574	1.7506391954029938	209.02924360104103	105.389941398222	6.254679494478231	0.9833889347296618	Abcc12	76.35652249559026
chr10	77166048	77168548	0.8483866870029894	81.97225239256511	41.41031953978405	5.488290441811068	0.97951267470448	Adamts7	44.88901211850748
chr8	105965597	105968097	2.9087543554388207	155.7472795458737	79.32801695065626	5.325587672365149	0.9633325719304426	Adcy8	40.101593830722145
chr9	4795734	4798234	2.154632855880608	106.56392811033466	54.35928048310763	5.091578426121512	0.9603631093581128	Adcyap1r1	34.09713048218045
chr10	34207215	34209715	0.5251917586208982	45.08473881591081	22.80496528726585	4.9172265286015415	0.9769702890574378	Adgrg6	30.21570143913008
chr15	98870704	98873204	2.679824614501506	102.4653154907064	52.57257005260396	4.81336639914224	0.9490261820599586	Adm	28.11691488854357
chr6	148443889	148446389	1.400511356322395	65.57780191405209	33.48915663518724	4.793627574041289	0.958180154502581	Ajuba	27.734841469798276
chr7	128521616	128524116	2.450894873564192	90.16947763182162	46.31018625269291	4.72350847951016	0.9470765489866352	Aldh1l1	26.419082867528484
chr4	155837680	155840180	2.073834123785085	73.7750271533086	37.924430638546845	4.604445310509085	0.9453166708407424	Ampd2	24.32630524032034
chr2	29252505	29255005	2.1950322219283693	73.7750271533086	37.985029687618486	4.548654143284863	0.9422132287382716	Ankib1	23.40352834006098
chr10	86498396	86500896	3.299281560567181	98.36670287107816	50.83299221582267	4.530594994310197	0.9350956649067724	Arhgap20	23.11239714618023
chr2	160366565	160369065	6.288834648101524	135.25421644773243	70.77152554791698	4.224468892868798	0.9111389135755796	Arhgap6	18.693552951324218
chr8	54075606	54078106	1.5621088205134406	40.98612619628256	21.274117508398	4.034509027926336	0.9265723327937436	Arhgef18	16.387331349910674
chrX	71048240	71050740	1.3870449009731414	36.8875135766543	19.13727923881372	3.9884248547073615	0.927521311485074	Astn1	15.872141140373381
chr3	100488824	100491324	4.255399890364201	77.87363977293685	41.06451983165053	3.9076707700378224	0.896372832123454	Auts2	15.008113829273398
chr17	26939253	26941753	10.301838342179156	0.0	5.150919171089578	-3.4984855534954904	1.0	Bag3	0.08848118064721724
chr7	45015863	45018363	10.247972520782142	0.0	5.123986260391071	-3.4915930698567714	1.0	Bahcc1	0.08890491136534745
chr11	120230947	120233447	8.605064968173178	0.0	4.302532484086589	-3.2637953722400237	1.0	Cacna1b	0.1041117372254686
chr7	80404936	80407436	0.5386582139701519	12.295837858884768	6.41724803642746	3.111229990960073	0.9160608704989333	Carmil3	8.641189926499615
chr10	60752294	60754794	6.6389624871821225	0.0	3.319481243591061	-2.933376706815971	1.0	Cast	0.1309078296533018
chr5	23432441	23434941	6.369633380197047	0.0	3.1848166900985238	-2.881592850836275	1.0	Ccdc122	0.13569196029304542
chr8	128356604	128359104	5.184585309462713	0.0	2.5922926547313563	-2.628676862454846	1.0	Ccdc157	0.16169232858182941
chr19	4876668	4879168	4.053403060125394	20.49306309814128	12.273233079133336	2.088543944845428	0.6697363250587252	Cd180	4.253185990196466
chr1	21961442	21963942	1.5217094544656793	0.0	0.7608547272328396		1.0	Cd93	
chr1	36943166	36945666	1.669840463307471	0.0	0.8349202316537355		1.0	Cdh22	
chr1	40223080	40225580	0.7810544102567203	0.0	0.3905272051283601		1.0	Cdon	
chr1	44549511	44552011	0.7137221335104513	0.0	0.3568610667552256		1.0	Celsr3	
chr1	72822503	72825003	1.198514526083588	0.0	0.599257263041794		1.0	Cemip	
chr1	72874384	72876884	1.9795689363403084	0.0	0.9897844681701542		1.0	Cep170b	
chr1	75544266	75546766	1.5755752758626944	0.0	0.7877876379313472		1.0	Col18a1	
chr1	84363680	84366180	1.6294410972597098	0.0	0.8147205486298549		1.0	Col27a1	
chr1	84695721	84698221	1.9661024809910543	0.0	0.9830512404955272		1.0	Col28a1	
chr1	89930679	89933179	2.1680993112298617	0.0	1.0840496556149308		1.0	Col4a6	
chr1	106859173	106861673	1.3062461688776186	0.0	0.6531230844388093		1.0	Col5a1	
chr1	119421748	119424248	3.6359429442985256	0.0	1.8179714721492628		1.0	Cpm	
chr1	125912601	125915101	1.1715816153850804	0.0	0.5857908076925402		1.0	Cpxm1	
chr1	131137840	131140340	1.3197126242268722	0.0	0.6598563121134361		1.0	Creb3l1	
chr1	132314126	132316626	1.548642365164187	0.0	0.7743211825820935		1.0	Cryba1	
chr1	133920914	133923414	1.7506391954029938	0.0	0.8753195977014969		1.0	Ctsd	
chr1	153549545	153552045	1.333179079576126	0.0	0.666589539788063		1.0	Cul9	
chr1	158360273	158362773	1.4139778116716488	0.0	0.7069889058358244		1.0	Cyp4f14	
chr1	163313210	163315710	0.9022525084000044	0.0	0.4511262542000022		1.0	Cyp4f16	
chr1	194616218	194618718	1.023450606543289	0.0	0.5117253032716444		1.0	Dcc	
chr10	10557765	10560265	1.615974641910456	0.0	0.807987320955228		1.0	Dctn1	
chr10	14545159	14547659	1.939169570292547	0.0	0.9695847851462736		1.0	Dcxr	
chr10	28072820	28075320	1.4409107223701565	0.0	0.7204553611850782		1.0	Ddit4l	
chr10	56375330	56377830	0.3635942944298526	0.0	0.1817971472149263		1.0	Dgki	
chr10	58811359	58813859	2.0603676684358314	0.0	1.0301838342179157		1.0	Diaph2	
chr10	70655465	70657965	0.8214537763044817	0.0	0.4107268881522408		1.0	Disp2	
chr10	110455704	110458204	1.3870449009731414	0.0	0.6935224504865707		1.0	Dlgap3	
chr10	117627500	117630000	2.006501847038816	0.0	1.003250923519408		1.0	Dmd	
chr11	4159793	4162293	3.5955435782507643	0.0	1.7977717891253822		1.0	Dner	
chr11	7213423	7215923	1.7237062847044862	0.0	0.8618531423522431		1.0	Dnhd1	
chr11	32221800	32224300	1.7506391954029938	0.0	0.8753195977014969		1.0	Dse	
chr11	60914250	60916750	0.7675879549074666	0.0	0.3837939774537333		1.0	Dtna	
chr11	64433332	64435832	3.3800802926627034	0.0	1.6900401463313517		1.0	Dusp14	
chr11	77724783	77727283	0.7945208656059741	0.0	0.397260432802987		1.0	Dusp8	
chr11	78463697	78466197	2.599025882405983	0.0	1.2995129412029915		1.0	Dyrk3	
chr11	84068761	84071261	0.7271885888597052	0.0	0.3635942944298526		1.0	Edc4	
chr11	84878148	84880648	2.531693605659714	0.0	1.265846802829857		1.0	Elfn1	
chr11	97797000	97799500	1.91223665959404	0.0	0.9561183297970198		1.0	Endod1	
chr11	98410470	98412970	1.5351759098149331	0.0	0.7675879549074666		1.0	Erbb2	
chr11	99039244	99041744	2.8279556233432976	0.0	1.4139778116716488		1.0	Erich3	
chr11	102088015	102090515	1.3601119902746337	0.0	0.6800559951373168		1.0	Exoc6b	
chr11	114763388	114765888	3.86487268523584	0.0	1.93243634261792		1.0	Fam120c	
chr11	118401592	118404092	0.4578594818746291	0.0	0.2289297409373145		1.0	Fam227a	
chr11	120726781	120729281	3.353147381964196	0.0	1.676573690982098		1.0	Fgl2	
chr12	79007127	79009627	0.9157189637492584	0.0	0.4578594818746292		1.0	Fhod3	
chr12	79295804	79298304	3.541677756853749	0.0	1.7708388784268745		1.0	Fndc10	
chr12	111907610	111910110	3.151150551725389	0.0	1.5755752758626944		1.0	Fndc5	
chr12	112718455	112720955	0.8349202316537355	0.0	0.4174601158268677		1.0	Fras1	
chr13	12106445	12108945	2.208498677277623	0.0	1.1042493386388117		1.0	Furin	
chr13	55513176	55515676	3.7167416763940486	0.0	1.8583708381970243		1.0	Fzd8	
chr13	74007407	74009907	1.6967733740059787	0.0	0.8483866870029894		1.0	Gab2	
chr13	74808310	74810810	0.0942651874447765	0.0	0.0471325937223882		1.0	Gabrb3	
chr13	76382535	76385035	1.2389138921313494	0.0	0.6194569460656747		1.0	Gan	
chr13	94055796	94058296	1.9930353916895625	0.0	0.9965176958447812		1.0	Gbp6	
chr13	102691558	102694058	1.0638499725910502	0.0	0.5319249862955251		1.0	Gbx2	
chr14	24013991	24016491	1.3870449009731414	0.0	0.6935224504865707		1.0	Gfra2	
chr14	31216446	31218946	0.9695847851462736	0.0	0.4847923925731368		1.0	Gja1	
chr14	54577058	54579558	3.47434548010748	0.0	1.73717274005374		1.0	Gria4	
chr14	54912632	54915132	1.5082429991164257	0.0	0.7541214995582128		1.0	Grk3	
chr14	55488651	55491151	1.7910385614507554	0.0	0.8955192807253777		1.0	Gucy1a2	
chr14	63543482	63545982	1.6294410972597098	0.0	0.8147205486298549		1.0	Gulp1	
chr14	70888120	70890620	2.2354315879761306	0.0	1.1177157939880653		1.0	H2-T10	
chr14	77034772	77037272	1.144648704686573	0.0	0.5723243523432865		1.0	Hectd4	
chr15	32242810	32245310	3.218482828471658	0.0	1.609241414235829		1.0	Hexa	
chr15	39196261	39198761	0.5655911246686596	0.0	0.2827955623343298		1.0	Hs3st3a1	
chr15	64921796	64924296	1.0638499725910502	0.0	0.5319249862955251		1.0	Hsdl2	
chr15	72809824	72812324	3.7302081317433022	0.0	1.8651040658716511		1.0	Hunk	
chr15	79106898	79109398	2.343163230770161	0.0	1.1715816153850804		1.0	Ifit1bl2	
chr15	79658456	79660956	2.814489167994044	0.0	1.407244583997022		1.0	Ifitm2	
chr15	84667620	84670120	1.7102398293552326	0.0	0.8551199146776163		1.0	Igfbp2	
chr15	91671175	91673675	3.205016373122404	0.0	1.602508186561202		1.0	Igfbp3	
chr15	103501034	103503534	4.32273216711047	0.0	2.161366083555235		1.0	Igfbp4	
chr15	103537503	103540003	2.033434757737324	0.0	1.016717378868662		1.0	Igfbp5	
chr16	4637941	4640441	2.343163230770161	0.0	1.1715816153850804		1.0	Igsf9b	
chr16	5145109	5147609	2.154632855880608	0.0	1.077316427940304		1.0	Il1r1	
chr16	35768856	35771356	1.3735784456238875	0.0	0.6867892228119438		1.0	Il6ra	
chr16	35936470	35938970	2.289297409373146	0.0	1.144648704686573		1.0	Inhbb	
chr16	74411325	74413825	1.7237062847044862	0.0	0.8618531423522431		1.0	Insm1	
chr16	90384013	90386513	2.7740898019462827	0.0	1.3870449009731414		1.0	Insyn2a	
chr16	97462407	97464907	1.8314379274985169	0.0	0.9157189637492584		1.0	Irf7	
chr17	22422222	22424722	1.0907828832895576	0.0	0.5453914416447788		1.0	Kank4	
chr17	32534558	32537058	2.558626516358222	0.0	1.279313258179111		1.0	Kcnd3os	
chr17	32809431	32811931	1.333179079576126	0.0	0.666589539788063		1.0	Kcng1	
chr17	32916842	32919342	1.73717274005374	0.0	0.86858637002687		1.0	Kcng3	
chr17	36120965	36123465	2.033434757737324	0.0	1.016717378868662		1.0	Kcnma1	
chr17	43566098	43568598	1.400511356322395	0.0	0.7002556781611975		1.0	Kcnq5	
chr17	45553703	45556203	0.3770607497791063	0.0	0.1885303748895531		1.0	Kif19a	
chr17	46282526	46285026	1.5755752758626944	0.0	0.7877876379313472		1.0	Kirrel3	
chr17	46545888	46548388	0.8214537763044817	0.0	0.4107268881522408		1.0	Klc2	
chr17	78906492	78908992	1.7775721061015015	0.0	0.8887860530507508		1.0	Klrg2	
chr17	83631395	83633895	1.0369170618925423	0.0	0.5184585309462711		1.0	Kmt2d	
chr18	9210163	9212663	3.218482828471658	0.0	1.609241414235829		1.0	Kmt2e	
chr18	23413135	23415635	1.211980981432842	0.0	0.605990490716421		1.0	Lasp1	
chr18	24706623	24709123	0.4174601158268677	0.0	0.2087300579134338		1.0	Layn	
chr18	72350569	72353069	1.0369170618925423	0.0	0.5184585309462711		1.0	Lgals3bp	
chr18	79108891	79111391	3.016485998232851	0.0	1.5082429991164257		1.0	Lhfpl2	
chr19	5118060	5120560	1.4678436330686642	0.0	0.7339218165343321		1.0	Lrp2	
chr19	23447942	23450442	1.91223665959404	0.0	0.9561183297970198		1.0	Lrp4	
chr19	31764533	31767033	0.4309265711761215	0.0	0.2154632855880607		1.0	Lrrk2	
chr19	34640243	34642743	2.033434757737324	0.0	1.016717378868662		1.0	Lurap1	
chr19	60753987	60756487	4.080335970823901	0.0	2.0401679854119505		1.0	Lypd1	
chr2	24762652	24765152	1.2523803474806032	0.0	0.6261901737403016		1.0	Mafb	
chr2	25397351	25399851	1.3870449009731414	0.0	0.6935224504865707		1.0	Mamdc2	
chr2	27027498	27029998	2.868354989391059	0.0	1.4341774946955297		1.0	Mamld1	
chr2	27884425	27886925	3.64940939964778	0.0	1.82470469982389		1.0	Maneal	
chr2	69585565	69588065	2.6394252484537444	0.0	1.3197126242268722		1.0	Mapre3	
chr2	71979240	71981740	0.942651874447766	0.0	0.471325937223883		1.0	Mctp1	
chr2	91455511	91458011	1.6967733740059787	0.0	0.8483866870029894		1.0	Me3	
chr2	92024002	92026502	2.1007670344835927	0.0	1.0503835172417963		1.0	Micall1	
chr2	104711669	104714169	1.3735784456238875	0.0	0.6867892228119438		1.0	Mob3c	
chr2	113216596	113219096	2.450894873564192	0.0	1.225447436782096		1.0	Mpp2	
chr2	118777719	118780219	3.4339461140597187	0.0	1.7169730570298594		1.0	Mtmr9	
chr2	121270907	121273407	3.501278390805988	0.0	1.750639195402994		1.0	Mx1	
chr2	129590835	129593335	1.8449043828477705	0.0	0.9224521914238852		1.0	Mxra8	
chr2	146219921	146222421	0.7271885888597052	0.0	0.3635942944298526		1.0	Myo19	
chr2	148443063	148445563	1.211980981432842	0.0	0.605990490716421		1.0	Naaladl2	
chr2	152103516	152106016	1.4543771777194103	0.0	0.7271885888597052		1.0	Nanos1	
chr2	152960485	152962985	1.669840463307471	0.0	0.8349202316537355		1.0	Natd1	
chr2	164443387	164445887	0.6329234014149285	0.0	0.3164617007074642		1.0	Nav3	
chr2	165234353	165236853	3.299281560567181	0.0	1.6496407802835904		1.0	Ndp	
chr2	168281236	168283736	2.289297409373146	0.0	1.144648704686573		1.0	Ndrg4	
chr2	180587245	180589745	2.531693605659714	0.0	1.265846802829857		1.0	Neu3	
chr2	181362928	181365428	2.545160061008968	0.0	1.272580030504484		1.0	Nfkbie	
chr3	25143761	25146261	2.868354989391059	0.0	1.4341774946955297		1.0	Nisch	
chr3	32815546	32818046	1.4947765437671716	0.0	0.7473882718835858		1.0	Npdc1	
chr3	54753582	54756082	1.6833069186567249	0.0	0.8416534593283624		1.0	Npl	
chr3	54915387	54917887	1.8314379274985169	0.0	0.9157189637492584		1.0	Nrp1	
chr3	84039675	84042175	3.016485998232851	0.0	1.5082429991164257		1.0	Ntng2	
chr3	89912696	89915196	1.4678436330686642	0.0	0.7339218165343321		1.0	Ntrk3	
chr3	90389438	90391938	1.9526360256418007	0.0	0.9763180128209004		1.0	Nuak2	
chr3	96179151	96181651	1.7641056507522477	0.0	0.8820528253761238		1.0	Ogfr	
chr3	105452455	105454955	1.4947765437671716	0.0	0.7473882718835858		1.0	Orai2	
chr3	108086151	108088651	0.4443930265253754	0.0	0.2221965132626877		1.0	Osbpl5	
chr3	123235649	123238149	1.4813100884179178	0.0	0.7406550442089589		1.0	Parp9	
chr3	124318855	124321355	0.9157189637492584	0.0	0.4578594818746292		1.0	Pcdh19	
chr3	137619612	137622112	0.5251917586208982	0.0	0.2625958793104491		1.0	Pde1b	
chr3	154661859	154664359	2.0199683023880697	0.0	1.0099841511940348		1.0	Pde1c	
chr4	43056953	43059453	1.3197126242268722	0.0	0.6598563121134361		1.0	Pdgfa	
chr4	46649709	46652209	1.5351759098149331	0.0	0.7675879549074666		1.0	Pdlim7	
chr4	59579563	59582063	2.437428418214937	0.0	1.2187142091074683		1.0	Peg13	
chr4	63212004	63214504	0.7945208656059741	0.0	0.397260432802987		1.0	Phyhipl	
chr4	98817037	98819537	2.208498677277623	0.0	1.1042493386388117		1.0	Pid1	
chr4	108095945	108098445	1.211980981432842	0.0	0.605990490716421		1.0	Pidd1	
chr4	115826092	115828592	3.0299524535821045	0.0	1.5149762267910525		1.0	Piezo1	
chr4	116150838	116153338	1.1311822493373191	0.0	0.5655911246686596		1.0	Pla2g7	
chr4	124861671	124864171	2.9087543554388207	0.0	1.4543771777194103		1.0	Plbd2	
chr4	127167204	127169704	2.181565766579116	0.0	1.090782883289558		1.0	Plxna2	
chr4	128805545	128808045	2.033434757737324	0.0	1.016717378868662		1.0	Pml	
chr4	129134999	129137499	1.73717274005374	0.0	0.86858637002687		1.0	Podn	
chr4	155692342	155694842	1.9661024809910543	0.0	0.9830512404955272		1.0	Ppp1r13b	
chr5	3802425	3804925	3.056885364280612	0.0	1.528442682140306		1.0	Ppp1r1a	
chr5	21370642	21373142	2.1680993112298617	0.0	1.0840496556149308		1.0	Prelp	
chr5	22344202	22346702	1.333179079576126	0.0	0.666589539788063		1.0	Prkg1	
chr5	30812641	30815141	1.871837293546278	0.0	0.935918646773139		1.0	Prr5	
chr5	88884486	88886986	1.7910385614507554	0.0	0.8955192807253777		1.0	Prrx1	
chr5	96371955	96374455	1.7775721061015015	0.0	0.8887860530507508		1.0	Ptprk	
chr5	105293198	105295698	1.615974641910456	0.0	0.807987320955228		1.0	Rab32	
chr5	113015291	113017791	3.218482828471658	0.0	1.609241414235829		1.0	Rapgef4	
chr5	120503125	120505625	0.8349202316537355	0.0	0.4174601158268677		1.0	Rassf4	
chr5	121218219	121220719	1.7641056507522477	0.0	0.8820528253761238		1.0	Reln	
chr5	132542844	132545344	2.9760866321850896	0.0	1.4880433160925448		1.0	Rhbdf1	
chr5	136170213	136172713	1.9930353916895625	0.0	0.9965176958447812		1.0	Rims2	
chr5	138996870	138999370	1.9930353916895625	0.0	0.9965176958447812		1.0	Robo2	
chr5	139905943	139908443	3.1107511856776275	0.0	1.5553755928388138		1.0	Robo3	
chr6	3399072	3401572	1.211980981432842	0.0	0.605990490716421		1.0	Ryr2	
chr6	8192117	8194617	0.605990490716421	0.0	0.3029952453582105		1.0	Ryr3	
chr6	23132486	23134986	0.9157189637492584	0.0	0.4578594818746292		1.0	S100a10	
chr6	37299684	37302184	0.4309265711761215	0.0	0.2154632855880607		1.0	Samd9l	
chr6	38636742	38639242	1.1311822493373191	0.0	0.5655911246686596		1.0	Sbk1	
chr6	55449978	55452478	3.299281560567181	0.0	1.6496407802835904		1.0	Scaf1	
chr6	56651987	56654487	0.9830512404955272	0.0	0.4915256202477636		1.0	Scg3	
chr6	83163920	83166420	2.7606233465970287	0.0	1.3803116732985143		1.0	Scn1b	
chr6	85069013	85071513	2.558626516358222	0.0	1.279313258179111		1.0	Sdc4	
chr6	90484427	90486927	1.73717274005374	0.0	0.86858637002687		1.0	Sec14l5	
chr6	116673452	116675952	1.9257031149432933	0.0	0.9628515574716466		1.0	Sema5a	
chr6	121243906	121246406	1.6429075526089634	0.0	0.8214537763044817		1.0	Serpinb5	
chr7	16127826	16130326	4.14766824757017	0.0	2.073834123785085		1.0	Sertm1	
chr7	31126503	31129003	1.8179714721492628	0.0	0.9089857360746314		1.0	Setbp1	
chr7	45333280	45335780	2.6259587931044908	0.0	1.3129793965522454		1.0	Sh3rf3	
chr7	57417692	57420192	0.9695847851462736	0.0	0.4847923925731368		1.0	Sirpa	
chr7	74554280	74556780	3.837939774537333	0.0	1.9189698872686665		1.0	Slc12a4	
chr7	78737512	78740012	1.023450606543289	0.0	0.5117253032716444		1.0	Slc16a2	
chr7	83582927	83585427	1.4947765437671716	0.0	0.7473882718835858		1.0	Slc22a17	
chr7	84086002	84088502	3.056885364280612	0.0	1.528442682140306		1.0	Slc27a3	
chr7	89630392	89632892	0.7406550442089589	0.0	0.3703275221044794		1.0	Slc29a3	
chr7	97079586	97082086	0.942651874447766	0.0	0.471325937223883		1.0	Slc2a6	
chr7	99827917	99830417	1.4947765437671716	0.0	0.7473882718835858		1.0	Slc37a2	
chr7	101315086	101317586	2.208498677277623	0.0	1.1042493386388117		1.0	Slc46a1	
chr7	105648827	105651327	1.3870449009731414	0.0	0.6935224504865707		1.0	Slc49a4	
chr7	110625661	110628161	2.9895530875343432	0.0	1.4947765437671716		1.0	Slc4a3	
chr7	126200001	126202501	2.962620176835836	0.0	1.481310088417918		1.0	Slc4a4	
chr7	126246862	126249362	2.747156891247775	0.0	1.3735784456238875		1.0	Slc8a2	
chr7	134937930	134940430	2.397029052167176	0.0	1.198514526083588		1.0	Slco3a1	
chr7	140955487	140957987	2.1680993112298617	0.0	1.0840496556149308		1.0	Smad9	
chr7	141265981	141268481	1.1042493386388117	0.0	0.5521246693194058		1.0	Snap91	
chr7	141443525	141446025	2.0469012130865774	0.0	1.023450606543289		1.0	Srxn1	
chr7	142095343	142097843	2.0469012130865774	0.0	1.023450606543289		1.0	Stard10	
chr7	142387538	142390038	4.982588479223906	0.0	2.491294239611953		1.0	Sult6b1	
chr7	143756485	143758985	3.231949283820912	0.0	1.615974641910456		1.0	Sv2a	
chr8	3351415	3353915	1.5082429991164257	0.0	0.7541214995582128		1.0	Syn3	
chr8	45410580	45413080	0.8349202316537355	0.0	0.4174601158268677		1.0	Syngap1	
chr8	86580186	86582686	0.9561183297970196	0.0	0.4780591648985098		1.0	Synpo2	
chr8	90347843	90350343	1.73717274005374	0.0	0.86858637002687		1.0	Tbc1d2	
chr8	95674980	95677480	2.599025882405983	0.0	1.2995129412029915		1.0	Tcp11l1	
chr8	105496402	105498902	0.9965176958447812	0.0	0.4982588479223906		1.0	Tent5c	
chr8	105878881	105881381	0.9022525084000044	0.0	0.4511262542000022		1.0	Tjap1	
chr8	117156135	117158635	2.5720929717074754	0.0	1.2860464858537377		1.0	Tlr3	
chr8	122550829	122553329	2.275830954023892	0.0	1.137915477011946		1.0	Tmc3	
chr9	3530778	3533278	0.9830512404955272	0.0	0.4915256202477636		1.0	Tmem131	
chr9	14381007	14383507	4.282332801062708	0.0	2.141166400531354		1.0	Tmem131l	
chr9	27297204	27299704	4.161134702919424	0.0	2.080567351459712		1.0	Tmem229b	
chr9	34483894	34486394	1.6563740079582172	0.0	0.8281870039791086		1.0	Tmtc1	
chr9	35419128	35421628	4.107268881522408	0.0	2.053634440761204		1.0	Tox3	
chr9	37255238	37257738	1.7506391954029938	0.0	0.8753195977014969		1.0	Tppp	
chr9	37432746	37435246	1.5621088205134406	0.0	0.7810544102567203		1.0	Tram1l1	
chr9	51076594	51079094	2.962620176835836	0.0	1.481310088417918		1.0	Trp53bp1	
chr9	51763337	51765837	1.6563740079582172	0.0	0.8281870039791086		1.0	Trpm4	
chr9	58249286	58251786	0.5655911246686596	0.0	0.2827955623343298		1.0	Ttll9	
chr9	59537540	59540040	2.5047606949612065	0.0	1.2523803474806032		1.0	Unc13b	
chr9	75683556	75686056	3.0434189089313586	0.0	1.5217094544656793		1.0	Usp13	
chr9	86880154	86882654	1.5755752758626944	0.0	0.7877876379313472		1.0	Usp18	
chr9	88546020	88548520	0.7541214995582127	0.0	0.3770607497791063		1.0	Vasn	
chr9	90161069	90163569	1.9661024809910543	0.0	0.9830512404955272		1.0	Vegfc	
chr9	108824320	108826820	1.3601119902746337	0.0	0.6800559951373168		1.0	Xpo6	
chrX	16911274	16913774	0.0942651874447765	0.0	0.0471325937223882		1.0	Zdhhc1	
chrX	48208378	48210878	2.329696775420908	0.0	1.1648483877104538		1.0	Zdhhc24	
chrX	58020700	58023200	0.1077316427940303	0.0	0.0538658213970151		1.0	Zdhhc9	
chrX	82946870	82949370	0.0269329106985075	0.0	0.0134664553492537		1.0	Zfp362	
chrX	103821483	103823983	1.804505016800009	0.0	0.9022525084000044		1.0	Zfp811	
chrX	129747742	129750242	1.198514526083588	0.0	0.599257263041794		1.0	Zfp946	
chrX	133688487	133690987	3.407013203361211	0.0	1.7035066016806055		1.0	Zfp949	
chrX	141473576	141476076	0.6733227674626899	0.0	0.3366613837313449		1.0	Zfyve26	
chrX	151342175	151344675	1.265846802829857	0.0	0.6329234014149285		1.0	Zgpat	
chrX	168793099	168795599	1.1042493386388117	0.0	0.5521246693194058		1.0	Zic3	
