chr	start	end	bg_mean	bm_mean	mean_intensity	log2_fold_change	coefficient_of_variation	gene	fold_change
chr10	77166048	77168548	3.54343951220303	58.01607754000617	30.7797585261046	3.699251259113744	0.8848776052223475	Aass	12.989295308432613
chr7	45015863	45018363	5.729902756664672	71.02102378051762	38.37546326859115	3.419760543655882	0.8506883756279139	Abcc12	10.701644048154286
chr8	54075606	54078106	1.2563103725083469	19.546356325559127	10.401333349033738	3.1868451301190053	0.8792164109782084	Adamts7	9.106174653940753
chr10	58811359	58813859	2.685766084817524	29.436345382714546	16.061055733766036	3.045758719794475	0.8327777370717235	Adcy8	8.257807110464363
chr5	96371955	96374455	1.4334823481184984	18.06675166346501	9.750117005791754	2.9699648628083755	0.8529779337758733	Adcyap1r1	7.835171550846425
chr9	35419128	35421628	2.560940374728553	26.86650570644581	14.713723040587182	2.9682019242612907	0.8259488528046703	Adgrg6	7.825603007624087
chr5	22344202	22346702	1.159671113084628	15.341164128028478	8.250417620556552	2.919627230803319	0.8594409196699065	Adm	7.566505857777863
chr11	102088015	102090515	2.685766084817524	26.243514269774604	14.464640177296063	2.885876396297848	0.8143219567236006	Ajuba	7.3915472775107975
chr9	14381007	14383507	2.854884788809032	25.3090271147678	14.081955951788414	2.770798251889075	0.797266459390788	Aldh1l1	6.82485432279183
chr15	72809824	72812324	1.3851627184066388	15.107542339276776	8.246352528841708	2.7555767900093717	0.8320272249382964	Ampd2	6.753225771546987
chr1	44549511	44552011	1.876412287143877	18.06675166346501	9.971581975304444	2.7287166949271824	0.8118240122990527	Ankib1	6.6286574246271455
chr5	139905943	139908443	5.62521022562231	0.0	2.812605112811155	-2.7279662336803057	1.0	Arhgap20	0.15093860661698008
chrX	151342175	151344675	3.2454684623132297	26.71075784727801	14.97811315479562	2.706450506352112	0.7833192720089639	Arhgap6	6.527137839619997
chr7	84086002	84088502	5.4923312439146965	0.0	2.7461656219573483	-2.698736609214572	1.0	Arhgef18	0.15402787726478165
chr2	91455511	91458011	5.415825163537585	0.0	2.707912581768793	-2.681634827713333	1.0	Astn1	0.15586459644866874
chr2	146219921	146222421	3.1286960238429025	24.374539959760984	13.751617991801943	2.6196235576879765	0.7724852431395286	Auts2	6.145896867491566
chr15	79106898	79109398	3.7407446668597895	28.034614650204325	15.887679658532058	2.6145882888610483	0.7645505984978164	Bag3	6.124483955689706
chr5	23432441	23434941	9.398167978956671	59.49568220210029	34.44692509052848	2.540502808864579	0.7271696108068354	Bahcc1	5.817917379727722
chr5	132542844	132545344	3.998449358656373	27.333749283949217	15.666099321302797	2.502969009925476	0.7447705854118215	Cacna1b	5.668507821306722
chr6	55449978	55452478	5.496357879724018	0.1557478591678018	2.8260528694459097	-2.4908044215317435	0.9448885543325528	Carmil3	0.17790704892891476
chr1	132314126	132316626	4.348766674067355	27.255875354365315	15.802321014216336	2.4012727075493574	0.7248020293882748	Cast	5.282689837894675
chr2	71979240	71981740	2.858911424618354	19.312734536807422	11.085822980712887	2.396118636381677	0.7421110341025393	Ccdc122	5.263850941801896
chr16	35768856	35771356	2.8387782455717456	18.37824738180061	10.608512813686175	2.335718967984611	0.7324056354148527	Ccdc157	5.048024694876435
chrX	133688487	133690987	3.0240034928005404	19.234860607223524	11.129432050012031	2.3301394481810767	0.7282877078352556	Cd180	5.028539523742038
chr10	14545159	14547659	2.3354487694065424	15.263290198444578	8.79936948392556	2.285666368494622	0.7345890778114417	Cd93	4.87589266776183
chr11	64433332	64435832	3.998449358656373	23.128557086418567	13.56350322253747	2.2711891333316485	0.7052052634888275	Cdh22	4.827208471089628
chr9	86880154	86882654	2.146196886368426	13.939433395518265	8.042815140943345	2.247444571059416	0.7331535228948831	Cdon	4.748410202885448
chr2	160366565	160369065	4.453459205109717	24.374539959760984	14.41399958243535	2.218138119568312	0.6910323758759765	Celsr3	4.652925602888136
chr3	100488824	100491324	4.429299390253787	23.751548523089777	14.09042395667178	2.1886808405338667	0.685651801260634	Cemip	4.558884442350267
chr3	93553080	93555580	2.6213399118683776	15.49691198719628	9.059125949532328	2.187600490739836	0.710640968403392	Cep170b	4.55547183878824
chr9	108824320	108826820	3.652158679054714	19.234860607223524	11.44350964313912	2.12087069947859	0.6808532702863285	Col18a1	4.349563719381794
chr11	32221800	32224300	8.077431433499179	1.0902350141746129	4.583833223836896	-2.118618967773259	0.7621564832452538	Col27a1	0.23026723247513053
chr11	97797000	97799500	3.5555194196309947	18.06675166346501	10.811135541548	2.0653716132333475	0.671124332317649	Col28a1	4.185417711381296
chr7	142095343	142097843	5.609103682385023	26.555009988110207	16.082056835247617	2.0597881163363985	0.6512197575318008	Col4a6	4.16925067487615
chr14	77034772	77037272	3.6360521358174274	18.222499522632813	10.92927582922512	2.0518272478075814	0.667310790519666	Col5a1	4.146307884271346
chr1	75544266	75546766	2.5488604673005884	13.627937677182658	8.088399072241623	2.043298627843929	0.684874541360359	Cpm	4.121868924395689
chr9	27297204	27299704	2.113983799893853	11.758963367169036	6.936473583531445	2.0346777745061293	0.6952365240872729	Cpxm1	4.09731205653798
chr2	29252505	29255005	5.069534483935926	23.67367459350588	14.371604538720902	2.0233148136642933	0.6472534106906951	Creb3l1	4.065167544365887
chr9	37255238	37257738	3.595785777724211	17.3658862972099	10.480836037467055	1.998645062372604	0.656918039279506	Cryba1	3.9962450787478856
chrX	129747742	129750242	1.892518830381164	10.43510656424272	6.163812697311942	1.9830715538860857	0.6929629559953213	Ctsd	3.9533386763590577
chr19	4876668	4879168	3.040110036037827	14.951794480108974	8.9959522580734	1.981252235835106	0.6620580068875437	Cul9	3.948356440250089
chr9	75683556	75686056	2.311288954550613	12.07045908550464	7.190874020027627	1.9808449991900747	0.6785802465578818	Cyp4f14	3.947242075489144
chr15	79658456	79660956	5.967474269414648	26.399262128942407	16.183368199178528	1.9754293668210727	0.6312588210334633	Cyp4f16	3.932452574560319
chr15	64921796	64924296	1.4938818852583229	8.799754042980803	5.146817964119563	1.974352402363224	0.7097465082944947	Dcc	3.929518114273371
chr2	180587245	180589745	5.548704145245199	24.29666603017708	14.92268508771114	1.949665897567983	0.6281698559855982	Dctn1	3.862850644817138
chr14	70888120	70890620	5.568837324291807	0.7008653662551081	3.1348513452734577	-1.9493690904747556	0.776427878370746	Dcxr	0.2589294394557837
chr13	94055796	94058296	2.049557626944707	10.590854423410525	6.320206025177615	1.9263150353504452	0.6757134785195379	Ddit4l	3.800831412726303
chr10	34207215	34209715	1.1153781191820902	6.775031873799379	3.945204996490735	1.8779330246358648	0.7172825949033774	Dgki	3.675480900221087
chr1	21961442	21963942	2.496514201779408	11.681089437585136	7.088801819682272	1.8586894232213589	0.6478228246065844	Diaph2	3.626780475003252
chr6	85069013	85071513	2.3596085842624723	11.058098000913928	6.7088532925882	1.8436372951148376	0.648284366738304	Disp2	3.5891377517601546
chr8	122550829	122553329	3.708531580385217	15.49691198719628	9.602721783790749	1.8088468844969512	0.6138041209685816	Dlgap3	3.5036213956637883
chr9	37432746	37435246	2.822671702334459	12.381954803840244	7.602313253087352	1.8076356673456024	0.6287088405376938	Dmd	3.500681158590744
chr11	4159793	4162293	3.1770156535547622	13.394315888430956	8.285665770992859	1.7849547690849887	0.6165648311959288	Dner	3.4460765968595237
chr2	113216596	113219096	1.888492194571842	8.799754042980803	5.344123118776323	1.7624289443504626	0.6466226259015788	Dnhd1	3.39268842803067
chr14	63543482	63545982	1.872385651334556	8.644006183813	5.258195917573778	1.747383115177274	0.6439110142174947	Dse	3.3574900290050675
chr8	128356604	128359104	5.065507848126604	19.312734536807422	12.189121192467011	1.743684122541338	0.5844238671400582	Dtna	3.3488926311555636
chr4	124861671	124864171	2.3757151274997588	10.27935870507492	6.32753691628734	1.7404199777363665	0.6245434583898561	Dusp14	3.341324216960522
chr11	120230947	120233447	5.536624237817234	19.85785204389473	12.697238140855983	1.6739729253793665	0.5639505082603748	Dusp8	3.190921075625385
chr14	54912632	54915132	2.9756838630886806	11.447467648833433	7.211575755961057	1.6465773189211168	0.5873739715444307	Dyrk3	3.1308997590072676
chr1	158360273	158362773	0.9824991374744764	5.13967935253746	3.061089245005968	1.6308430739216102	0.6790361015846303	Edc4	3.096939230126906
chr11	99039244	99041744	4.332660130830068	15.49691198719628	9.914786059013174	1.6292687074810277	0.5630102248256377	Elfn1	3.093561483849602
chr3	54753582	54756082	2.794485251669208	10.201484775491018	6.497985013580113	1.5617138841873457	0.5699458761709939	Endod1	2.9520433029917417
chr11	114763388	114765888	2.6978459922454885	9.889989057155416	6.293917524700452	1.5582454585625798	0.5713566341379906	Erbb2	2.9449547331046517
chr1	153549545	153552045	2.951524048232751	10.590854423410525	6.7711892358216375	1.5525058256957005	0.5641055144909706	Erich3	2.933261769871888
chr14	55488651	55491151	3.036083400228505	10.824476212162226	6.930279806195365	1.5507483868228062	0.5619104155773942	Exoc6b	2.929690752052541
chr3	90389438	90391938	3.402507258876773	11.836837296752938	7.619672277814855	1.543892511269271	0.5534575327099852	Fam120c	2.9158015062598777
chr3	89912696	89915196	3.7326913952411465	12.693450522175848	8.213070958708498	1.5327532712084626	0.5455181850969772	Fam227a	2.8933749062837686
chr3	32815546	32818046	2.085797349228601	7.865266887973991	4.975532118601296	1.5225207437515744	0.5807890895868736	Fgl2	2.8729258226209065
chr17	83631395	83633895	1.340869724504101	5.529049000456964	3.4349593624805324	1.4798282219689836	0.6096402946858152	Fhod3	2.7891552153078933
chr4	46649709	46652209	2.118010435703175	7.631645099222289	4.874827767462731	1.4690097912365587	0.5655209708453834	Fndc10	2.768318219972756
chr8	117156135	117158635	2.093850620847245	7.398023310470586	4.745936965658916	1.4406462512798224	0.5588119614739679	Fndc5	2.7144243015103307
chr11	120726781	120729281	6.378191121965454	18.84549095930402	12.611841040634737	1.4274721880613557	0.4942696231727602	Fras1	2.6897501882571775
chr8	90347843	90350343	5.1460405643130365	15.49691198719628	10.32147627575466	1.424466801552987	0.5014239797846377	Furin	2.684152799606553
chr17	46545888	46548388	3.962209636372479	12.304080874256345	8.133145255314412	1.422814253214061	0.5128318120491617	Fzd8	2.6810799722645373
chr15	98870704	98873204	3.821277383046222	11.758963367169036	7.790120375107629	1.4040237786607266	0.5094713304743475	Gab2	2.646386497494478
chr9	34483894	34486394	2.275049232266718	7.631645099222289	4.953347165744503	1.3981189536865588	0.54070466774465	Gabrb3	2.635577204208371
chr7	126200001	126202501	3.1246693880335807	9.734241197987611	6.429455293010596	1.379869820687937	0.51400713658739	Gan	2.6024488724186243
chr8	105965597	105968097	5.713796213427385	1.635352521261919	3.674574367344652	-1.349132788296638	0.5549545722097687	Gbp6	0.39252792868381897
chr15	32242810	32245310	7.8197267417025955	20.480843480565937	14.150285111134266	1.2842447811170032	0.4473802697056909	Gbx2	2.435545239627139
chr7	99827917	99830417	2.017344540470134	6.229914366712072	4.123629453591104	1.260699117155237	0.5107842343318918	Gfra2	2.396118265494989
chr19	60753987	60756487	2.1421702505591043	6.307788296295973	4.224979273427539	1.2176734887355076	0.4929749681774755	Gja1	2.3257136671686256
chr18	79108891	79111391	2.560940374728553	7.164401521718883	4.862670948223718	1.197088856171958	0.4733469728886267	Gria4	2.2927655794689468
chr17	26939253	26941753	6.672135536045932	2.414091817100928	4.54311367657343	-1.1681263491499323	0.4686261474043243	Grk3	0.4449988925587314
chr7	31126503	31129003	3.442773616969989	8.955501902148605	6.199137759559297	1.1640334203927605	0.4446366977954141	Gucy1a2	2.2408303371843528
chr1	119421748	119424248	4.066902167414841	10.201484775491018	7.13419347145293	1.144514098144587	0.429942265556952	Gulp1	2.210716608567572
chr15	103501034	103503534	4.167568062647882	9.734241197987611	6.950904630317746	1.0546628200951238	0.4004279609203371	H2-T10	2.07723266880153
chr4	98817037	98819537	4.33668676663939	10.045736916323216	7.191211841481303	1.0494734304254012	0.3969463197254269	Hectd4	2.0697742624454087
chr7	45333280	45335780	3.680345129719965	8.410384395061298	6.045364762390632	1.007638736921897	0.3912120650492267	Hexa	2.010617622043685
chr10	117627500	117630000	5.1983868298342175	11.369593719249533	8.283990274541875	0.9968334168352914	0.372477917337765	Hs3st3a1	1.9956149977139086
chr1	131137840	131140340	3.032056764419184	7.008653662551081	5.020355213485132	0.9900437814275728	0.3960473640839592	Hsdl2	1.9862452664911143
chr7	142387538	142390038	6.503016832054424	2.8813353946043336	4.692176113329379	-0.9509176898290876	0.3859276964436328	Hunk	0.5173033036554675
chr18	9210163	9212663	2.7461656219573483	5.529049000456964	4.137607311207156	0.801458184847508	0.3362913840278989	Ifit1bl2	1.742861811071123
chr6	38636742	38639242	3.092456301559008	6.074166507544271	4.583311404551639	0.7895931647718029	0.3252790333015729	Ifitm2	1.7285869380815113
chr6	37299684	37302184	4.5259386496775065	8.488258324645198	6.507098487161352	0.7799237437408211	0.3044613265640158	Igfbp2	1.7170401132120663
chr11	78463697	78466197	4.840016242804593	8.955501902148605	6.897759072476599	0.7695216689299955	0.2983204846749142	Igfbp3	1.7047044885216966
chr2	165234353	165236853	5.375558805444369	9.578493338819811	7.47702607213209	0.730510461548203	0.2810565653261769	Igfbp4	1.6592260634136684
chr2	27027498	27029998	3.265601641359838	5.762670789208667	4.514136215284252	0.6648438835532336	0.2765832740485425	Igfbp5	1.5853967055050138
chr3	105452455	105454955	3.5353862405843866	6.152040437128171	4.843713338856279	0.65712947528815	0.2701082840259124	Igsf9b	1.5769418650894498
chr2	69585565	69588065	4.280313865308887	7.164401521718883	5.722357693513885	0.6287234483614494	0.2520016932600193	Il1r1	1.5461962546124672
chr1	72822503	72825003	4.227967599787706	7.008653662551081	5.618310631169393	0.6153095309805552	0.2474663867227829	Il6ra	1.5318866289217805
chr11	7213423	7215923	4.759483526618161	7.70951902880619	6.234501277712175	0.5966536043071504	0.2365895338520629	Inhbb	1.5122048684667777
chr10	60752294	60754794	4.31252695178346	6.9307797329671805	5.62165334237532	0.5780644594943436	0.2328721304680651	Insm1	1.4928450820009018
chr4	59579563	59582063	5.57689059591045	3.5043268312755407	4.540608713592995	-0.5460941594750296	0.2282253212471687	Insyn2a	0.6848717894252883
chr5	113015291	113017791	5.911101368084145	3.737948620027244	4.824524994055695	-0.5446530863686566	0.2252193480948327	Irf7	0.6855562330350641
chr13	55513176	55515676	3.34613435754627	5.217553282121361	4.281843819833815	0.5166141907911792	0.2185295638185751	Kank4	1.4305938957744628
chr7	128521616	128524116	5.605077046575702	8.410384395061298	7.0077307208185005	0.5106782650674158	0.2001580440406774	Kcnd3os	1.4247198524262428
chr7	97079586	97082086	4.151461519410595	5.451175070873063	4.801318295141829	0.3245801720955679	0.1353496551954878	Kcng1	1.2522999631396208
chr9	90161069	90163569	5.05745457650796	6.385662225879874	5.721558401193917	0.2860156029093274	0.1160704441201505	Kcng3	1.219268280528751
chr9	59537540	59540040	6.845280875846762	5.529049000456964	6.187164938151863	-0.2649522304033813	0.1063679317221308	Kcnma1	0.832226290400631
chr5	138996870	138999370	7.674767852567017	6.229914366712072	6.952341109639544	-0.2628465903557107	0.1039112913959033	Kcnq5	0.8334418268694779
chr2	27884425	27886925	5.72587612085535	7.008653662551081	6.367264891703216	0.2518375239394616	0.1007322267499219	Kif19a	1.190722742828721
chr1	84695721	84698221	2.500540837588729	4.127318267946748	3.3139295527677386		0.2454453850715326	Kirrel3	
chr1	89930679	89933179	3.342107721736949	0.1557478591678018	1.7489277904523752		0.9109466611382988	Klc2	
chr10	10557765	10560265	2.858911424618354	0.0	1.429455712309177		1.0	Klrg2	
chr10	28072820	28075320	0.6402350936821384	0.0	0.3201175468410692		1.0	Kmt2d	
chr10	110455704	110458204	0.5677556491143491	0.0	0.2838778245571745		1.0	Kmt2e	
chr11	84878148	84880648	4.916522323181704	0.4672435775034054	2.6918829503425545		0.826425002081184	Lasp1	
chr11	98410470	98412970	2.4924875659700856	0.9344871550068108	1.7134873604884482		0.4546285099293495	Layn	
chr12	79007127	79009627	2.25491605322011	0.0	1.127458026610055		1.0	Lgals3bp	
chr12	111907610	111910110	4.364873217304641	0.0	2.1824366086523206		1.0	Lhfpl2	
chr13	12106445	12108945	1.7676931202921933	0.0	0.8838465601460966		1.0	Lrp2	
chr13	74007407	74009907	4.2843405011182085	1.557478591678018	2.9209095463981134		0.466783011614103	Lrp4	
chr13	74808310	74810810	0.5677556491143491	3.348578972107739	1.958167310611044		0.7100576411230247	Lrrk2	
chr13	76382535	76385035	2.6253665476777	1.71322645084582	2.16929649926176		0.2102386873215102	Lurap1	
chr14	54577058	54579558	3.527332968965744	3.971570408778946	3.749451688872345		0.0592403205422827	Lypd1	
chr15	39196261	39198761	2.122037071512496	2.8034614650204324	2.462749268266464		0.1383462787479767	Mafb	
chr15	103537503	103540003	4.2682339578809225	0.0	2.1341169789404613		1.0	Mamdc2	
chr16	4637941	4640441	4.469565748347003	4.983931493369658	4.726748620858331		0.0544101015603883	Mamld1	
chr16	35936470	35938970	2.0737174418006368	3.270705042523838	2.6722112421622377		0.2239694942220681	Maneal	
chr16	90384013	90386513	3.213255375838657	3.971570408778946	3.592412892308801		0.1055439694256482	Mapre3	
chr17	45553703	45556203	3.825304018855544	4.672435775034054	4.248869896944798		0.0996890675315394	Mctp1	
chr19	5118060	5120560	2.7179791712920967	4.438813986282352	3.5783965787872245		0.2404477504242241	Me3	
chr19	31764533	31767033	1.8683590155252336	3.737948620027244	2.8031538177762387		0.3334796671959245	Micall1	
chr2	24762652	24765152	2.55288710310991	0.0778739295839009	1.3153805163469054		0.9407974129036262	Mob3c	
chr2	92024002	92026502	2.40390157816501	0.0	1.201950789082505		1.0	Mpp2	
chr2	104711669	104714169	2.9958170421352888	2.7255875354365315	2.86070228878591		0.0472313228395121	Mtmr9	
chr2	121270907	121273407	3.2213086474573	0.6229914366712073	1.9221500420642537		0.675888238151191	Mx1	
chr2	129590835	129593335	2.60120673282177	2.9592093241882345	2.780208028505002		0.0643841373911456	Mxra8	
chr2	130397074	130399574	4.574258279389366	0.0778739295839009	2.326066104486633		0.9665211880979248	Myo19	
chr2	152103516	152106016	2.6454997267243074	3.737948620027244	3.191724173375776		0.1711377352742062	Naaladl2	
chr2	168281236	168283736	2.343502041025185	1.635352521261919	1.989427281143552		0.1779782368713198	Nanos1	
chr2	181362928	181365428	3.040110036037827	0.0	1.5200550180189134		1.0	Natd1	
chr3	25143761	25146261	2.0656641701819933	0.0	1.0328320850909969		1.0	Nav3	
chr3	54915387	54917887	1.6187075953472931	4.360940056698451	2.989823826022872		0.4585943220940436	Ndp	
chr3	84039675	84042175	4.6990839894783365	0.0	2.349541994739168		1.0	Ndrg4	
chr3	108086151	108088651	3.640078771626749	0.3893696479195045	2.0147242097731266		0.806737991219478	Neu3	
chr3	124318855	124321355	0.9986056807117628	1.557478591678018	1.2780421361948904		0.2186441648278456	Nfkbie	
chr4	43056953	43059453	2.3596085842624723	0.0	1.1798042921312362		1.0	Nisch	
chr4	63212004	63214504	3.2776815487878026	3.737948620027244	3.5078150844075235		0.0656059484556868	Npdc1	
chr4	115826092	115828592	4.320580223402104	0.4672435775034054	2.3939119004527543		0.804820061500577	Npl	
chr4	127167204	127169704	4.50983210644022	0.0	2.25491605322011		1.0	Nrp1	
chr4	155692342	155694842	2.347528676834507	0.0	1.1737643384172536		1.0	Ntng2	
chr5	3802425	3804925	2.782405344241243	1.4796046620941172	2.13100500316768		0.3056775277886604	Ntrk3	
chr5	30812641	30815141	4.642711088147833	0.0	2.3213555440739166		1.0	Nuak2	
chr5	88884486	88886986	1.952918367520988	0.0778739295839009	1.0153961485524443		0.923306849553331	Ogfr	
chr5	120503125	120505625	4.248100778834314	4.750309704617955	4.499205241726134		0.0558108486723497	Orai2	
chr5	121218219	121220719	2.4200081214022964	0.3114957183356036	1.36575191986895		0.7719236460121595	Osbpl5	
chr5	136170213	136172713	4.775590069855447	0.85661322542291	2.8161016476391785		0.6958159425313947	Parp9	
chr6	56651987	56654487	0.5274892910211328	4.205192197530649	2.366340744275891		0.7770865027375649	Pcdh19	
chr6	83163920	83166420	3.0964829373683296	4.983931493369658	4.040207215368994		0.2335831376199533	Pde1b	
chr6	116673452	116675952	3.704504944575895	0.0	1.8522524722879476		1.0	Pde1c	
chr6	121243906	121246406	2.4884609301607643	0.0	1.2442304650803822		1.0	Pdgfa	
chr6	148443889	148446389	1.1757776563219144	0.0778739295839009	0.6268257929529076		0.8757646375445953	Pdlim7	
chr7	74554280	74556780	3.3098946352623755	1.71322645084582	2.511560543054098		0.3178637657834402	Peg13	
chr7	89630392	89632892	2.959577319851394	0.0	1.479788659925697		1.0	Phyhipl	
chr7	134937930	134940430	2.794485251669208	0.3893696479195045	1.5919274497943563		0.7554099290330077	Pid1	
chr8	105496402	105498902	2.532753924063302	0.0	1.266376962031651		1.0	Pidd1	
chr8	105878881	105881381	3.015950221181897	0.0	1.5079751105909485		1.0	Piezo1	
chr9	3530778	3533278	2.854884788809032	3.348578972107739	3.1017318804583853		0.0795836330034024	Pla2g7	
chr9	51763337	51765837	2.862938060427675	0.0778739295839009	1.470405995005788		0.9470391647963906	Plbd2	
chrX	71048240	71050740	2.6374464551056644	3.893696479195045	3.2655714671503544		0.1923476544192165	Plxna2	
