241
238
172
151
211
272
100
361
462
244
639
225
313
175
451
118
313
378
226
275
185
235
218
648
319
347
330
153
55
161
391
163
184
585
314
571
235
240
382
376
286
236
224
90
506
178
195
62
173
156
165
399
172
618
203
79
177
243
242
190
64
263
194
250
228
44
195
195
185
62
680
466
252
198
208
280
597
255
381
318
225
83
265
208
657
158
327
346
659
164
393
181
251
185
368
230
176
162
201
202
248
418
468
591
427
390
162
210
281
243
189
226
250
596
189
167
149
606
162
166
174
510
167
174
485
336
189
257
412
377
215
173
172
197
279
171
242
211
383
212
187
373
163
190
167
269
198
327
240
168
278
263
174
203
229
212
199
85
225
183
194
82
52
217
261
186
44
158
110
445
51
174
261
182
212
613
243
182
207
150
673
179
271
437
200
581
249
363
158
361
542
64
57
230
180
239
313
160
333
169
271
222
199
211
169
246
177
152
180
656
348
153
263
257
360
258
274
229
161
301
238
525
262
235
617
205
155
156
222
63
281
157
188
198
216
168
154
245
198
196
67
170
415
198
658
351
195
192
198
64
230
167
338
348
214
186
179
322
42
267
197
170
194
270
541
198
201
371
174
153
222
577
364
116
248
353
286
201
672
251
338
176
156
199
245
253
232
53
164
252
362
160
214
73
391
151
177
170
527
209
409
188
165
199
53
93
161
671
457
177
266
335
329
155
208
195
178
83
171
181
126
150
155
199
250
406
196
225
356
244
240
217
189
159
337
86
256
387
658
70
516
248
378
207
180
116
277
163
84
330
246
216
633
190
633
196
215
672
236
199
101
485
201
191
226
383
216
194
179
162
330
330
331
247
265
351
160
580
53
527
257
186
362
207
212
355
188
348
153
648
216
158
325
56
184
494
176
326
75
433
377
657
222
376
235
237
375
181
602
214
261
255
523
213
158
64
176
164
239
124
197
347
236
387
65
176
238
306
199
231
272
269
420
406
63
387
342
150
299
200
373
265
196
524
408
237
194
154
240
304
633
592
197
75
433
172
402
380
180
323
351
176
378
466
260
355
447
160
218
213
200
376
180
203
158
157
307
118
214
456
312
417
241
564
153
150
198
370
157
96
212
64
385
256
229
207
215
95
161
55
115
200
226
183
203
431
634
455
632
43
379
108
164
246
171
571
549
401
173
362
202
224
164
199
210
231
211
64
166
97
189
225
231
136
181
347
363
216
591
608
220
226
438
322
214
169
158
199
484
220
525
200
628
197
309
175
215
375
352
237
159
236
249
208
290
381
541
208
156
236
190
246
359
63
199
242
126
699
228
672
184
213
165
367
266
194
237
75
412
176
165
383
75
162
160
281
184
213
164
55
236
247
189
319
151
263
83
463
618
692
164
63
195
201
190
658
237
214
266
235
628
50
161
213
278
221
352
185
534
73
201
420
152
253
187
575
84
155
203
160
256
238
191
66
189
204
258
228
173
201
164
297
239
150
196
194
261
168
153
54
312
157
296
130
100
171
216
198
432
165
168
151
626
202
313
172
175
189
207
451
207
264
73
156
181
300
185
301
425
182
259
60
294
542
192
492
209
199
227
578
606
493
64
240
79
164
242
361
151
154
167
53
166
637
92
396
171
252
330
222
153
177
168
288
48
262
536
369
244
292
350
245
681
207
402
268
109
257
283
54
276
239
175
281
208
119
197
189
333
62
610
427
182
178
64
292
215
194
219
564
130
211
162
173
176
579
180
216
329
335
220
210
184
208
189
177
245
271
254
244
193
261
152
356
252
404
196
211
403
245
302
98
177
223
176
157
152
222
213
185
196
202
423
212
450
198
189
248
151
552
289
575
222
161
179
195
158
188
187
362
171
159
251
171
375
336
203
421
208
180
234
312
176
292
108
165
399
171
178
393
252
92
436
186
69
210
215
203
334
222
212
357
216
167
518
179
94
55
218
188
203
316
163
244
72
202
220
233
256
156
224
76
327
53
337
207
385
287
201
215
180
199
281
664
66
320
167
221
195
192
163
153
207
169
166
185
159
318
209
295
247
108
277
335
312
84
175
410
267
215
366
646
181
338
189
512
201
157
653
543
195
339
168
178
238
184
156
165
116
53
161
612
536
270
235
220
205
188
262
62
177
234
210
471
322
264
178
184
226
383
151
269
193
389
151
127
84
154
589
75
607
54
700
436
171
84
306
540
323
308
177
166
194
270
203
229
180
202
413
170
653
119
168
175
164
62
374
393
190
248
63
575
176
55
648
177
195
194
670
212
82
159
285
231
283
288
351
162
126
62
381
171
96
291
202
157
193
620
150
455
242
54
189
502
84
311
231
236
364
158
177
54
188
564
177
157
199
114
176
70
207
301
172
161
97
196
270
224
398
303
223
163
402
73
251
57
164
179
365
181
165
306
183
243
458
221
250
298
177
392
653
188
351
205
198
171
252
392
210
196
163
176
555
193
152
166
195
351
223
185
170
185
221
150
203
185
226
199
175
265
392
237
215
188
522
272
192
297
249
447
464
210
528
166
391
213
201
590
235
155
430
180
177
230
166
116
690
429
159
235
157
649
231
282
179
189
188
219
152
157
499
161
262
267
272
217
459
555
268
411
265
587
219
212
352
172
159
62
224
52
164
252
75
364
192
168
356
175
327
176
65
523
104
118
625
238
237
663
165
177
196
177
213
65
538
301
151
297
53
318
311
652
181
194
185
179
380
271
183
193
202
361
78
189
197
288
289
245
469
164
199
190
334
182
273
224
150
217
161
170
159
117
166
151
664
287
555
171
225
507
208
395
235
422
558
297
430
161
498
221
209
179
206
179
218
256
291
178
164
575
612
208
242
177
62
63
255
286
205
568
668
66
216
162
174
230
191
72
219
423
82
51
288
224
167
83
54
63
214
535
206
186
179
216
376
151
224
193
167
247
218
135
168
195
614
221
401
197
232
527
203
219
63
648
153
65
279
210
299
191
567
440
52
53
174
392
94
271
501
226
187
355
359
189
279
387
73
161
195
466
184
273
124
294
533
158
600
185
225
690
75
370
385
161
218
116
190
176
607
222
352
67
127
223
224
193
33
160
228
209
201
574
79
208
551
230
354
151
156
84
196
85
185
64
53
307
83
266
670
178
288
168
185
255
211
500
201
227
76
224
520
167
187
189
52
184
62
188
579
75
54
385
211
196
264
165
150
339
231
190
402
252
299
159
573
53
53
444
77
324
163
210
219
204
226
197
209
196
308
224
171
206
53
180
381
156
195
265
237
371
72
181
547
257
421
350
81
313
371
629
241
350
186
344
194
355
376
152
156
178
274
150
415
190
206
362
335
206
48
259
168
666
268
340
158
391
435
212
192
355
238
195
201
227
217
201
316
197
267
156
205
189
674
336
311
289
531
216
562
217
340
65
183
157
481
134
211
191
219
467
273
520
183
406
148
200
172
205
77
354
144
323
195
603
234
223
178
591
45
459
192
556
98
423
217
211
189
223
152
86
43
156
280
184
625
385
219
341
74
55
225
398
531
310
195
341
215
373
263
153
308
155
440
226
126
527
267
213
194
151
253
192
496
201
161
214
152
258
89
321
358
273
200
155
63
196
182
64
204
84
656
243
72
206
227
200
446
208
173
592
396
348
258
211
176
237
62
206
93
208
180
209
165
575
169
177
359
413
210
55
276
273
154
166
376
186
156
218
54
68
205
600
194
328
495
56
273
203
266
170
201
123
183
411
175
166
221
179
306
353
261
171
262
622
392
331
173
260
585
424
170
230
383
257
266
635
203
96
214
165
106
228
363
506
175
160
195
237
248
229
133
218
63
272
203
165
306
244
203
248
218
157
317
229
399
244
263
165
223
247
193
65
199
176
53
674
301
154
288
95
144
186
153
180
267
256
311
372
381
275
193
295
254
243
299
208
197
196
469
165
392
393
260
212
164
97
51
206
356
216
230
462
207
200
195
201
162
189
627
219
404
54
224
320
155
424
230
478
170
365
260
192
168
179
190
210
179
638
327
496
191
561
231
96
66
55
542
225
153
556
602
231
224
296
159
253
62
404
563
258
240
352
212
385
445
64
368
192
312
184
211
410
267
179
154
188
74
177
580
172
233
256
164
618
180
661
62
174
508
191
167
149
210
275
208
82
246
218
65
667
202
158
167
332
229
401
191
211
334
181
246
363
216
450
185
231
184
154
141
96
184
260
506
157
525
82
555
513
278
252
420
173
682
166
52
165
172
191
586
163
484
63
168
114
208
152
429
205
226
454
175
216
220
217
194
195
154
541
79
598
245
78
65
483
93
65
86
377
165
248
225
174
488
536
526
169
429
179
203
214
347
390
569
427
271
231
250
380
56
541
179
166
154
195
91
208
64
693
185
186
699
297
398
186
247
187
177
163
342
370
356
515
174
165
233
73
54
166
175
480
389
351
178
538
210
203
179
324
563
349
647
191
211
437
414
288
209
53
206
186
189
165
177
189
156
317
273
156
187
580
131
167
149
400
341
387
416
173
290
215
66
240
175
191
150
661
493
518
138
356
157
172
74
155
108
194
93
353
216
238
577
155
172
220
63
56
286
155
160
250
672
651
192
340
195
157
405
172
149
151
247
255
86
167
197
192
169
203
693
599
263
660
299
63
160
435
270
274
388
185
85
221
118
191
236
182
186
73
243
178
424
63
280
151
163
264
246
195
134
191
175
164
169
155
96
225
406
227
576
324
370
377
228
236
371
337
170
241
286
72
237
209
237
295
417
199
193
283
198
170
241
194
105
303
185
228
387
320
190
162
222
598
457
160
289
161
211
179
315
297
207
53
665
151
157
198
206
563
475
543
160
547
273
239
178
443
232
265
182
504
178
202
615
165
259
153
181
209
204
378
262
197
180
360
260
229
219
350
683
633
666
171
186
198
239
156
154
105
278
296
263
343
238
44
168
200
63
75
230
151
229
294
209
180
95
73
348
67
298
197
395
187
379
62
337
299
84
189
55
364
160
203
184
557
316
497
343
214
350
163
266
174
263
164
254
138
201
271
228
74
194
181
205
138
617
225
164
343
60
154
566
165
224
184
155
396
192
212
84
40
168
215
344
541
188
105
235
83
163
332
337
157
182
339
96
191
167
199
62
52
186
246
695
53
60
192
96
216
181
159
565
127
92
329
133
523
54
327
173
180
256
223
165
189
65
246
65
62
179
193
73
75
51
294
185
167
87
300
53
188
156
244
509
409
223
173
54
649
159
229
165
54
669
155
189
167
56
96
158
64
64
228
522
612
181
64
63
212
198
474
305
291
64
394
381
237
180
455
187
185
432
294
286
492
208
167
180
257
245
75
374
236
173
183
593
585
642
62
154
65
179
164
330
202
271
64
175
333
318
64
163
301
231
55
226
68
187
188
403
211
190
45
187
176
195
237
163
156
225
525
331
243
244
192
162
228
46
410
217
105
162
194
52
417
433
196
195
72
164
303
411
577
65
156
185
213
200
606
590
264
647
77
166
485
263
155
86
237
183
369
194
495
74
215
207
209
163
191
220
157
183
243
74
398
85
216
156
164
165
696
221
218
274
588
225
266
115
167
255
275
252
154
161
189
567
86
234
189
154
332
254
82
70
240
165
53
242
244
206
377
202
344
93
176
206
199
168
192
260
606
142
346
65
86
176
353
290
175
428
281
62
258
153
155
189
212
239
223
252
395
158
205
390
163
151
286
351
223
547
247
67
661
409
191
242
204
271
341
545
677
172
337
177
444
295
221
226
211
375
203
160
170
160
369
257
609
366
267
205
217
331
385
194
448
150
365
203
152
196
298
289
253
168
176
471
378
106
273
287
178
172
590
202
82
202
347
297
200
366
165
190
589
229
187
85
415
166
145
404
334
152
98
179
249
201
187
202
283
160
251
221
206
276
151
184
215
236
252
262
340
384
339
331
152
201
201
236
190
214
204
97
225
171
220
151
210
181
340
410
168
160
182
187
214
166
283
210
253
247
387
165
219
180
256
265
61
202
163
529
356
208
341
231
693
323
229
53
146
163
266
206
53
675
373
351
258
202
100
299
157
201
569
166
242
181
95
75
186
154
188
214
407
158
207
358
574
218
327
260
78
219
225
209
231
228
373
274
189
159
156
164
351
257
180
327
263
217
226
327
51
205
208
177
225
322
76
54
176
363
54
74
86
211
153
317
225
481
177
192
206
193
300
226
155
338
502
78
155
84
170
181
172
198
239
356
54
191
149
75
176
474
211
442
65
94
46
198
186
128
56
245
56
185
178
209
231
117
326
232
312
479
208
193
217
52
247
239
172
185
173
169
337
237
228
183
230
583
191
690
215
54
181
358
267
244
256
275
51
388
365
568
328
172
583
171
357
78
73
217
161
53
158
114
218
150
62
159
196
243
238
246
65
199
161
363
409
278
160
561
212
374
177
210
254
231
182
511
56
93
172
86
53
129
420
204
201
410
212
251
213
241
323
49
224
251
170
308
168
178
210
167
225
127
190
184
185
209
226
82
184
233
337
223
172
381
654
113
277
514
211
688
256
169
278
220
299
529
193
335
422
381
179
659
195
157
45
83
484
317
55
175
52
155
81
416
106
204
178
156
370
158
71
200
184
618
153
590
188
683
234
193
63
315
94
306
601
217
196
161
183
228
249
203
228
107
72
565
176
375
200
272
488
52
210
174
202
365
205
457
229
116
176
595
238
313
208
370
260
254
227
230
196
273
171
200
349
490
169
166
150
84
210
227
326
202
177
458
187
82
223
64
224
55
195
189
71
273
232
243
312
163
85
215
439
204
54
194
153
237
76
74
331
156
221
123
106
185
370
236
71
234
303
324
151
209
168
298
179
240
233
244
174
261
124
181
170
269
187
575
166
199
119
270
195
249
166
173
50
235
184
170
248
217
261
153
358
182
122
320
188
166
162
642
200
200
390
171
158
446
511
232
381
294
154
176
174
200
236
247
176
380
162
77
274
540
198
151
156
203
212
159
289
474
117
235
461
196
155
249
207
249
364
165
403
213
153
399
276
156
221
307
224
351
313
217
610
223
220
552
88
607
294
215
53
229
347
189
434
183
183
351
452
263
586
357
165
195
156
347
475
233
619
395
62
95
225
346
64
53
192
66
612
542
537
53
107
211
53
241
150
131
288
232
420
248
203
108
187
83
313
151
227
196
158
262
358
212
188
53
162
64
170
393
191
227
584
204
471
263
198
178
357
180
247
219
324
276
170
431
170
541
292
114
216
200
153
64
265
205
439
433
519
53
401
105
128
104
64
352
172
136
610
191
236
71
194
561
251
161
455
216
401
212
218
254
192
180
152
193
178
217
195
389
269
186
176
173
610
523
194
196
63
150
259
252
156
247
389
53
184
172
210
268
188
232
362
65
379
262
224
371
204
203
84
222
180
426
66
244
72
52
246
168
40
207
199
208
238
157
73
199
448
461
390
520
695
158
152
236
267
242
177
243
63
158
164
224
220
176
230
196
227
55
165
215
237
68
336
306
444
201
262
189
207
208
63
160
224
387
159
176
395
167
206
177
174
295
293
160
580
672
209
616
210
358
204
152
193
198
342
552
503
177
167
166
75
197
228
193
174
221
180
211
212
221
155
63
261
174
436
191
200
392
49
182
436
171
400
85
155
69
175
245
194
163
514
101
167
173
102
274
153
152
120
179
337
206
178
199
226
367
277
248
363
433
204
53
221
156
104
296
179
104
175
561
226
156
365
550
285
202
219
221
204
172
84
97
149
354
319
162
609
180
217
566
197
268
210
63
300
201
205
374
378
208
235
73
94
272
337
215
331
653
253
389
129
53
64
536
232
218
190
195
37
174
430
168
51
106
242
179
44
667
96
167
286
168
71
65
197
314
450
204
166
240
160
698
242
232
161
54
66
208
217
378
225
155
213
249
49
362
346
98
239
252
221
324
86
306
258
208
575
178
220
187
624
66
54
200
54
157
265
639
292
73
189
209
54
372
62
155
208
167
213
155
252
305
174
60
53
240
76
305
382
100
413
228
215
599
184
49
185
458
432
367
191
180
161
165
647
690
278
484
422
645
176
170
256
137
91
342
230
294
86
632
602
167
211
219
380
231
411
187
324
151
391
377
163
125
128
403
151
161
404
181
72
176
423
181
226
178
108
223
499
223
158
202
208
63
495
159
205
174
282
447
180
173
243
207
300
82
185
246
253
188
123
75
573
55
193
606
41
236
102
293
256
166
283
201
230
188
135
176
603
55
71
258
262
251
189
328
172
226
670
275
196
63
231
56
207
73
208
206
331
222
160
155
502
161
255
246
354
176
327
161
178
161
193
60
160
370
340
255
125
354
312
184
253
173
347
257
74
175
165
242
189
153
277
96
179
158
592
75
216
164
208
243
179
182
94
214
190
190
237
470
212
295
178
177
567
273
178
262
54
196
193
106
53
530
221
264
100
195
161
162
344
220
72
376
217
54
226
172
298
579
270
603
241
301
674
551
178
611
169
75
83
292
85
312
73
407
183
53
87
88
151
107
407
163
128
241
64
157
262
617
181
179
188
170
190
282
541
517
254
160
409
248
86
193
75
53
189
72
185
167
65
248
285
147
206
303
230
271
67
194
243
330
184
54
72
190
248
285
81
53
203
309
280
229
75
167
165
463
227
593
176
209
451
182
210
72
193
193
221
107
221
299
180
165
160
55
190
157
453
258
178
514
195
264
176
208
658
492
367
547
258
171
161
314
529
402
96
158
68
423
251
95
75
242
669
203
237
185
255
211
315
303
459
157
579
155
89
202
196
305
245
178
367
231
246
587
226
360
176
224
227
84
625
84
177
52
223
239
160
76
399
179
245
408
240
198
230
669
188
394
408
197
96
207
174
240
65
198
200
168
186
66
53
177
366
65
203
448
679
176
199
196
248
200
168
696
46
62
87
63
52
249
643
178
189
159
216
210
155
193
199
383
157
194
176
431
167
62
162
56
207
197
240
482
247
231
548
261
199
224
539
95
53
339
423
161
171
167
222
239
170
581
224
176
196
395
94
165
341
74
255
185
531
239
167
581
74
635
177
250
208
253
164
75
106
114
273
161
209
54
80
547
379
134
228
399
177
205
95
207
150
172
375
186
247
49
50
209
548
197
185
551
193
514
333
168
253
223
96
268
201
288
247
511
46
281
268
158
663
335
184
198
78
84
183
197
335
230
181
201
222
388
390
227
206
191
162
75
173
166
254
396
208
596
360
198
186
246
528
214
645
378
196
131
232
339
212
165
87
177
278
396
43
154
256
73
553
327
213
169
200
245
593
239
221
330
345
514
227
252
355
189
52
188
229
150
183
178
156
224
362
152
663
242
74
238
222
279
339
73
153
208
337
277
152
202
290
228
222
159
274
294
199
269
165
66
354
171
136
420
200
305
165
252
426
196
53
244
224
203
205
188
226
160
256
219
259
169
53
104
177
63
127
203
155
96
381
420
288
97
189
202
150
167
220
155
529
283
266
172
166
256
191
238
178
390
225
336
75
209
187
182
169
51
188
85
534
162
198
289
351
52
97
190
325
236
157
159
674
158
335
88
616
191
198
229
55
205
362
196
50
114
178
155
178
159
203
197
64
350
202
216
370
121
63
87
505
45
227
186
240
407
73
174
485
152
396
263
189
262
167
181
334
611
202
125
150
64
201
65
232
211
167
256
320
152
205
294
325
85
228
334
561
353
691
426
150
204
165
72
41
240
463
200
231
630
459
386
65
224
238
167
97
191
256
557
220
224
250
165
170
159
249
133
73
192
191
197
215
387
396
178
206
341
188
232
173
187
232
222
54
236
280
325
210
169
593
467
187
246
168
175
83
546
181
542
277
628
454
346
372
507
221
181
200
211
74
50
376
261
400
252
202
300
189
187
180
255
74
106
157
323
262
397
292
359
527
560
272
159
54
213
196
283
263
379
411
216
216
65
96
63
271
171
160
64
271
382
206
271
154
177
156
642
282
176
188
209
176
157
64
181
377
584
160
602
61
72
509
236
261
243
203
219
165
273
150
209
252
218
163
169
286
118
177
198
297
417
172
280
55
543
231
396
237
235
217
74
202
400
370
171
56
232
151
214
382
254
220
399
374
363
158
68
197
181
176
227
227
547
259
200
162
181
206
247
172
158
265
364
153
445
197
348
157
157
203
116
617
196
196
281
379
125
175
156
199
174
128
189
698
291
219
334
153
192
259
214
267
95
528
63
45
185
157
59
179
621
449
228
139
178
254
222
191
325
194
202
190
156
398
262
517
177
322
381
418
207
179
211
165
157
156
354
172
433
413
196
184
643
382
226
165
319
234
225
187
460
300
219
436
187
285
166
214
43
566
237
667
226
180
589
200
204
155
112
224
246
171
400
175
178
223
248
307
149
198
172
155
175
198
197
242
284
244
155
210
379
231
174
256
341
201
198
218
275
359
457
191
691
513
295
239
212
576
319
336
83
304
185
594
205
245
95
174
56
151
167
88
44
237
248
394
195
432
194
65
355
65
233
196
176
162
256
95
162
84
192
291
198
74
175
178
189
405
56
245
207
353
60
172
391
183
56
206
72
62
481
157
220
176
459
463
152
194
191
172
435
210
394
187
160
210
405
247
273
239
260
86
558
224
189
651
238
208
379
160
268
390
206
236
238
387
343
619
316
226
379
265
372
206
242
186
66
336
63
45
185
249
185
250
188
180
84
201
62
219
638
158
194
170
206
455
147
214
208
157
380
211
261
205
188
163
243
83
229
696
125
65
209
189
161
210
54
116
154
203
216
271
127
257
670
73
614
166
262
391
391
419
202
264
158
627
96
428
214
197
188
250
99
235
216
246
166
53
269
124
51
278
160
247
395
222
387
151
182
178
53
164
221
267
290
54
404
208
373
413
179
53
186
316
361
167
295
336
187
200
295
164
237
134
164
202
589
64
316
415
154
43
657
175
313
95
356
502
193
188
259
260
603
226
194
215
107
78
159
232
63
613
544
270
313
66
85
324
174
320
207
177
156
203
639
165
211
182
208
374
420
168
53
151
520
154
153
51
217
76
187
219
679
587
199
241
335
149
612
169
179
68
51
271
225
259
154
177
170
85
170
178
579
158
157
215
207
65
153
196
59
302
217
208
186
172
404
127
270
258
168
249
193
152
57
631
167
166
63
164
285
159
65
194
593
204
252
150
76
193
193
170
212
184
609
175
208
165
160
225
169
233
61
240
155
156
54
256
173
184
204
204
150
267
221
219
180
257
186
354
249
464
356
166
201
523
426
247
242
153
179
127
74
162
266
151
310
208
403
174
187
200
253
199
186
543
207
62
260
200
289
157
411
320
43
427
253
261
206
166
164
245
207
76
281
423
230
214
387
176
177
208
209
191
349
613
207
116
168
187
62
397
162
154
166
152
200
180
253
214
414
163
265
370
214
170
277
375
303
360
425
212
156
96
395
209
325
179
390
577
241
159
62
151
336
151
51
653
240
489
165
213
556
167
524
187
251
365
164
196
185
215
66
106
158
458
211
420
171
390
594
160
385
513
194
444
279
158
191
220
164
161
185
180
319
184
392
173
423
572
261
182
194
104
74
236
192
250
158
160
518
503
256
64
211
544
153
156
111
520
279
224
153
114
386
108
190
256
193
178
239
242
170
178
198
394
208
195
461
207
301
350
84
208
180
82
253
520
312
313
239
74
202
189
253
382
44
207
69
77
351
159
487
85
328
205
153
247
226
224
244
271
340
150
210
63
156
410
65
65
206
172
223
87
44
82
148
169
192
158
403
169
642
165
53
187
201
653
84
183
193
232
214
209
170
158
247
51
235
158
250
263
563
193
162
271
83
199
202
160
197
54
200
690
241
564
382
174
361
99
265
396
289
175
239
162
383
155
177
189
209
211
222
307
54
247
269
187
300
336
216
149
43
175
392
217
681
220
485
253
176
165
678
117
190
165
265
305
75
271
183
289
157
513
183
64
151
64
279
423
419
151
512
207
169
184
225
222
201
265
248
347
248
203
158
571
390
327
186
615
65
67
125
222
208
162
180
300
262
182
380
268
697
166
173
230
347
152
407
314
480
53
248
215
50
115
133
298
178
390
190
195
240
179
186
282
183
382
437
66
238
75
113
159
232
185
358
399
442
283
175
426
75
62
178
189
396
216
380
232
291
165
154
663
203
195
216
211
196
246
193
150
190
467
267
53
214
63
282
457
75
324
404
277
176
209
168
184
208
331
369
183
408
410
235
366
555
190
163
202
190
256
453
204
125
393
169
215
391
220
243
304
85
261
313
325
670
259
272
226
172
339
167
224
328
238
256
179
409
231
225
181
293
668
82
166
242
669
171
65
57
231
64
575
683
239
59
640
73
164
309
234
341
239
365
377
54
64
267
526
437
220
52
262
216
193
220
60
198
74
282
302
284
153
277
617
287
56
216
400
68
200
270
209
151
239
160
185
55
198
62
65
653
223
96
244
113
217
174
159
182
246
367
75
347
261
625
158
341
185
205
168
253
386
641
153
683
215
278
357
225
194
66
272
398
199
161
178
380
125
156
186
56
181
371
675
194
199
379
223
127
76
213
160
218
400
178
418
130
158
191
281
63
501
156
290
323
67
322
572
583
172
151
53
430
467
242
448
115
192
165
311
544
165
72
156
172
698
105
151
210
398
300
287
298
346
257
262
184
151
161
224
214
86
446
261
522
308
196
446
459
66
190
112
179
48
200
183
51
171
288
321
186
176
53
218
226
176
356
410
229
210
611
64
191
83
104
168
163
645
217
373
646
614
214
187
260
179
226
167
586
674
252
169
195
198
154
192
180
191
63
183
165
175
74
196
111
220
240
267
177
540
220
168
75
300
244
157
407
170
62
206
176
539
193
544
692
206
95
349
235
172
52
156
240
94
63
152
218
55
212
187
52
54
176
219
118
96
627
235
293
263
186
687
395
152
228
40
454
518
168
462
199
562
210
173
187
42
100
141
220
177
154
199
248
200
570
74
127
352
272
557
280
166
52
105
202
125
496
380
205
150
316
208
158
183
331
341
220
52
196
112
186
158
173
238
109
227
239
221
384
199
225
150
173
524
150
201
155
219
199
385
191
403
209
366
184
275
341
315
346
259
231
452
159
106
142
163
221
221
259
191
237
451
152
129
686
267
74
193
72
284
153
696
163
226
207
205
163
153
184
218
161
271
260
50
168
174
178
230
256
495
170
400
389
123
399
425
230
457
469
325
243
419
214
208
198
176
226
198
452
195
208
188
307
170
303
580
194
153
346
438
199
188
311
402
62
230
181
159
161
209
263
407
317
266
614
209
235
355
218
177
339
371
262
453
278
250
238
179
174
531
320
172
216
130
76
673
384
51
625
71
282
155
282
337
321
255
48
418
231
171
220
86
248
204
174
413
200
406
219
174
152
174
464
120
104
170
185
388
173
259
184
201
158
601
247
422
164
459
397
386
205
189
264
159
692
168
495
248
162
313
247
321
192
552
209
315
63
177
194
227
163
517
51
248
271
255
255
339
233
223
200
209
234
160
209
486
286
540
291
235
196
182
190
207
227
175
303
202
150
202
161
658
182
151
205
645
186
199
158
175
259
168
166
164
216
211
362
211
391
238
529
186
72
216
211
156
238
206
242
670
199
430
149
249
350
205
259
246
158
254
186
226
184
169
176
450
240
212
242
234
269
63
571
54
227
364
247
64
236
311
154
244
361
55
286
157
191
149
390
246
651
550
186
212
153
227
160
312
134
167
498
165
260
203
656
265
599
172
517
617
159
171
206
160
318
385
199
109
266
164
439
150
166
256
261
189
55
188
196
362
699
236
546
197
228
167
209
337
169
228
195
443
165
233
328
65
255
480
224
189
544
293
178
371
388
215
614
222
623
264
211
198
166
199
53
386
219
53
211
91
364
206
598
105
201
234
522
189
231
281
211
145
185
97
206
82
433
387
155
173
169
168
213
276
95
205
152
163
353
632
203
182
318
246
187
162
201
379
276
45
175
259
83
591
366
212
234
179
342
103
508
185
124
313
187
75
89
198
155
161
64
191
404
190
153
219
226
65
239
168
210
356
230
159
153
172
99
46
189
225
81
209
195
217
214
441
187
187
66
194
159
170
199
357
291
53
341
227
187
387
552
204
168
236
176
169
541
589
169
533
169
353
200
176
149
352
187
166
215
211
168
397
213
339
181
208
167
73
196
355
180
54
198
215
340
581
168
152
698
79
152
61
151
416
169
84
148
158
54
164
244
250
181
158
165
298
224
172
202
63
672
235
418
184
206
410
194
150
482
549
155
192
241
258
311
242
314
234
299
190
196
241
223
167
157
166
230
232
638
209
149
277
364
162
246
61
200
198
219
94
219
268
219
213
175
297
326
158
186
51
690
88
668
385
336
261
251
544
52
418
199
54
172
535
166
235
312
248
208
153
377
157
55
652
509
370
115
154
191
174
82
223
540
423
73
355
165
226
686
171
164
437
393
188
166
188
185
54
261
216
372
158
159
229
182
198
212
267
199
581
286
596
199
193
382
55
181
153
121
204
274
353
179
129
227
222
157
170
243
613
196
577
249
198
266
376
455
161
49
592
216
390
210
211
164
433
197
163
63
260
195
235
247
49
213
85
175
194
342
227
208
260
54
208
117
550
380
427
237
548
176
243
167
253
166
357
166
181
230
190
175
53
188
421
236
174
157
224
302
152
175
201
186
405
222
98
55
240
132
276
73
338
158
217
281
354
178
382
49
207
166
192
402
190
397
187
270
229
117
201
171
167
301
65
539
275
151
224
700
180
186
184
73
171
320
167
196
239
196
251
400
379
158
495
224
239
104
223
192
167
391
176
507
213
186
209
162
174
157
526
648
339
234
259
334
149
258
161
276
241
188
326
208
292
200
536
430
357
367
164
338
155
199
568
61
185
178
400
343
56
238
76
218
77
95
439
75
275
671
271
261
352
179
218
179
377
157
181
178
181
52
202
63
271
278
360
618
89
594
236
518
53
193
215
77
156
240
56
172
66
588
334
154
158
160
288
188
195
64
203
233
235
54
54
211
384
253
231
75
207
45
150
161
192
372
198
160
264
170
229
65
172
149
167
469
255
283
613
152
74
203
150
176
369
156
224
225
160
190
360
358
241
245
402
467
313
73
73
158
75
160
52
52
281
425
188
53
560
411
257
198
398
156
157
241
64
99
202
50
61
294
188
210
191
162
192
548
196
271
152
103
168
61
236
338
658
617
210
194
164
151
54
390
157
245
179
206
250
683
164
62
388
236
168
218
117
353
80
246
374
353
154
53
181
263
218
654
160
288
235
234
246
150
256
189
151
236
166
186
179
247
85
66
350
176
121
465
83
223
213
212
244
117
609
248
218
202
358
270
402
172
73
214
270
278
428
231
255
223
221
447
159
78
391
151
248
233
166
171
614
159
229
257
172
421
160
228
591
171
322
273
526
323
241
240
57
189
341
62
249
266
283
402
401
54
198
171
616
275
188
150
207
157
54
185
94
211
154
117
188
401
225
211
179
215
63
63
158
238
191
157
236
179
252
581
212
171
45
260
265
503
176
551
246
235
239
223
361
556
367
94
176
480
191
401
183
225
151
65
404
456
631
214
242
620
600
458
164
179
212
215
251
229
257
212
179
209
319
530
175
52
119
217
231
220
624
558
197
152
201
169
345
305
631
461
154
239
187
245
348
157
183
166
382
175
173
189
219
331
177
234
256
395
585
493
623
205
243
314
208
475
229
167
245
280
615
176
262
66
460
206
352
322
258
359
214
186
251
169
269
311
216
228
656
485
187
348
196
215
335
257
198
180
167
152
200
151
198
374
178
284
181
159
72
59
186
186
194
163
254
419
324
189
634
151
560
382
358
216
173
151
289
245
256
55
297
197
184
592
193
283
63
76
209
158
227
286
179
175
342
194
155
177
619
269
212
52
205
180
405
155
105
176
579
380
160
342
328
183
171
342
629
56
124
331
209
189
163
417
300
252
184
223
246
413
290
63
84
366
268
41
126
167
593
218
178
205
157
64
197
174
267
678
54
323
336
76
368
165
179
352
171
191
367
365
156
354
191
180
180
189
349
210
306
363
184
173
545
187
273
168
196
179
297
237
65
569
182
440
243
206
355
417
240
362
394
552
655
196
259
75
353
243
192
242
213
154
91
169
53
63
218
228
285
152
496
168
175
183
589
432
165
71
153
194
166
212
194
166
160
227
94
159
357
289
199
215
240
84
74
162
357
384
229
160
290
159
239
339
267
465
309
213
302
185
221
209
185
168
245
297
375
104
154
687
373
343
246
135
194
281
174
634
203
158
470
212
236
300
368
481
262
261
178
203
267
157
170
166
209
338
194
153
203
144
215
67
305
196
403
180
187
181
257
268
152
79
242
251
363
292
62
351
176
465
238
107
180
200
193
53
93
96
442
64
151
209
447
188
166
108
220
231
396
180
401
418
401
445
690
202
260
166
347
206
178
236
188
210
182
193
167
56
225
197
195
323
150
173
163
349
150
570
256
235
63
55
533
153
243
543
556
164
188
196
160
368
200
445
103
84
260
267
153
171
202
206
360
179
171
678
157
564
294
267
157
315
188
685
200
55
256
217
224
350
241
611
123
168
159
157
162
236
201
486
299
170
207
153
167
175
321
382
231
275
190
158
259
162
45
110
178
155
173
176
268
74
577
253
65
165
259
200
151
76
56
185
245
306
566
376
159
335
156
214
154
170
184
588
150
186
192
479
658
55
176
657
232
574
65
224
406
387
210
130
178
167
216
399
230
329
236
168
385
231
161
400
172
197
591
330
281
216
75
236
271
365
271
216
540
327
112
179
236
170
188
53
214
166
210
205
315
205
66
42
186
165
197
72
165
239
160
225
124
236
275
416
253
246
183
632
384
618
403
326
195
176
695
56
248
405
167
195
179
581
164
374
178
176
167
284
100
490
215
237
395
155
218
166
184
163
301
64
612
246
162
358
77
376
218
132
166
187
501
211
211
178
150
153
168
206
106
174
159
172
282
261
204
162
72
306
247
240
420
217
274
364
180
322
179
216
64
573
354
198
173
171
55
178
152
232
239
39
53
239
52
313
209
86
64
158
166
385
384
200
104
290
62
436
282
242
51
446
218
119
179
180
202
570
558
187
205
458
197
75
585
233
153
106
272
114
66
293
438
314
111
251
210
298
53
398
352
267
340
267
619
177
343
237
176
229
212
382
60
215
278
186
362
74
164
373
177
198
173
183
219
64
63
173
63
245
197
164
195
152
197
190
294
190
197
124
293
275
179
185
47
248
416
192
355
116
62
53
187
433
231
167
202
224
158
550
196
210
225
153
194
215
163
264
65
215
360
331
315
162
345
233
84
100
367
54
81
269
245
237
352
297
292
243
175
213
184
304
235
287
332
158
194
224
168
161
337
662
252
683
501
168
183
212
161
271
345
121
58
270
68
215
171
191
170
51
179
53
260
228
65
245
267
272
294
54
233
190
191
174
330
277
223
221
578
190
185
157
47
414
231
63
72
187
243
171
229
391
162
196
165
226
293
656
172
341
64
222
187
260
108
345
179
371
73
54
160
351
384
161
154
200
675
206
72
679
210
576
160
152
217
642
216
190
217
182
228
163
202
199
153
215
429
87
189
223
282
53
560
88
250
314
226
301
411
607
255
52
175
198
96
270
229
222
209
193
183
309
235
172
212
418
65
384
225
528
55
465
106
388
286
285
54
242
194
204
219
224
331
75
457
159
165
213
175
625
171
236
248
200
65
44
203
204
137
85
167
236
426
572
239
245
380
342
173
153
64
175
235
178
216
222
355
543
622
452
64
168
277
216
114
459
53
62
264
163
241
106
275
181
496
602
243
182
207
206
234
185
250
215
215
64
224
568
180
197
224
73
227
178
166
223
150
166
159
233
383
96
126
280
55
150
62
158
371
164
298
253
221
275
82
252
226
389
215
383
232
106
63
317
190
455
215
291
243
195
259
240
195
321
323
265
686
223
282
74
425
229
203
190
240
356
185
64
129
238
169
338
156
202
157
65
657
53
211
242
410
218
150
156
350
234
244
183
352
202
163
673
153
216
381
166
232
183
318
365
149
169
53
152
94
56
444
200
656
108
196
178
285
218
168
62
62
179
356
158
262
185
205
148
283
195
42
414
244
185
157
64
247
209
474
206
215
179
246
314
151
419
376
237
350
178
206
70
367
150
188
180
215
191
355
259
122
181
610
287
297
223
51
565
346
241
198
227
240
229
249
226
158
238
299
459
86
94
251
181
194
260
315
181
399
175
215
430
377
172
64
157
164
243
152
232
605
197
243
241
172
73
107
152
361
206
235
154
248
304
291
229
204
358
209
175
384
190
42
411
351
377
136
313
196
260
241
605
151
233
261
202
193
169
188
504
173
274
582
206
194
413
195
165
157
178
533
157
508
197
299
362
150
622
184
221
201
53
244
53
346
196
196
153
356
222
325
61
386
308
53
392
226
267
232
251
156
227
265
153
303
212
103
191
161
228
170
222
241
196
217
203
76
85
232
270
165
221
164
538
226
267
193
296
271
222
171
356
62
253
83
44
216
164
372
64
169
63
216
212
168
165
170
175
239
72
62
109
45
136
347
199
217
642
287
107
209
191
461
228
187
54
197
74
223
314
235
265
214
234
189
78
488
205
87
178
207
73
199
511
284
193
431
323
656
179
164
76
234
408
57
158
197
230
199
223
183
302
262
62
150
203
216
549
246
270
219
169
187
228
587
191
233
648
336
247
63
694
380
293
195
213
214
95
214
73
163
311
51
44
158
154
454
226
150
292
526
291
164
677
290
264
162
271
192
390
212
509
236
71
182
192
402
183
223
163
217
152
361
363
553
94
54
157
188
179
276
52
206
185
62
177
66
675
45
75
207
185
94
225
76
193
235
65
62
205
257
225
308
281
54
164
342
173
197
242
170
646
596
328
193
85
197
83
93
76
415
282
265
348
195
372
586
211
179
322
193
548
189
199
149
213
209
56
157
173
54
234
403
263
335
164
547
72
214
252
238
326
281
172
155
159
250
199
186
250
72
182
237
420
377
166
493
368
247
219
189
294
441
74
283
199
181
164
224
186
543
117
283
216
169
294
112
345
374
190
217
207
372
421
405
276
154
222
328
250
62
237
154
207
367
203
195
172
236
181
206
546
222
366
203
641
183
168
584
167
75
70
688
188
285
368
182
203
197
187
363
277
84
675
217
387
248
206
386
236
384
182
173
192
317
222
61
251
54
61
53
225
119
98
52
217
294
155
592
192
242
204
184
595
51
249
179
315
208
211
153
182
201
210
355
160
247
236
72
166
117
63
222
414
164
45
194
200
75
262
154
209
253
676
189
207
76
53
294
213
341
229
483
247
574
188
352
569
243
192
577
162
194
194
76
194
201
345
188
147
228
424
81
182
191
45
278
187
166
186
423
122
162
238
323
188
198
179
204
225
554
617
454
125
173
398
179
381
52
377
209
203
188
51
61
248
369
223
523
194
223
167
267
192
246
376
156
339
240
274
168
155
163
302
193
169
387
242
300
259
189
182
250
208
96
578
98
176
59
166
155
161
280
511
166
232
162
104
187
245
279
186
208
359
274
231
208
238
222
187
179
101
154
215
252
266
167
167
162
696
247
216
208
186
224
207
199
343
196
208
151
153
322
385
206
472
156
204
680
252
287
173
193
134
344
358
630
224
226
380
64
159
47
247
63
270
204
85
260
196
73
293
52
57
78
217
147
253
64
202
236
165
189
84
384
186
166
191
157
220
241
374
223
226
313
320
252
251
204
248
223
192
311
497
233
235
193
66
85
270
511
339
209
684
238
201
74
372
269
153
183
51
203
391
351
246
160
280
405
196
184
284
306
259
223
101
190
328
177
165
200
235
183
348
212
182
251
283
365
198
285
262
523
158
173
339
617
333
236
165
335
297
186
77
269
262
215
165
67
163
192
261
181
166
173
371
216
220
205
356
225
314
329
176
334
164
478
178
379
264
256
223
224
174
219
206
210
203
588
102
422
207
192
266
397
202
398
365
196
226
158
507
540
174
280
206
472
328
319
358
433
301
221
164
387
51
163
265
306
196
699
375
616
63
209
375
239
215
199
187
157
437
370
239
350
223
182
550
235
62
199
175
193
220
162
617
351
513
361
199
228
175
240
258
559
54
73
281
367
167
212
238
274
237
568
205
227
55
211
346
333
454
394
297
231
188
296
223
196
529
280
187
182
228
224
191
212
157
165
419
220
160
268
630
678
219
224
160
217
259
166
74
86
270
209
629
370
193
185
478
148
83
578
690
89
202
268
220
199
336
64
208
158
375
266
434
165
296
623
237
307
162
165
154
87
164
175
59
64
167
584
360
72
249
192
256
212
168
364
235
156
170
165
248
188
251
220
250
229
166
228
221
198
235
222
680
571
689
184
153
253
153
227
206
182
53
441
159
197
301
172
66
74
216
433
185
220
53
79
77
188
268
369
85
185
238
376
186
250
186
176
333
452
178
160
75
201
222
430
503
341
222
199
177
209
51
195
232
365
151
383
190
156
376
362
651
202
257
179
201
318
168
216
268
188
169
187
163
202
269
206
180
236
267
234
194
230
224
653
349
74
221
55
165
362
311
240
277
149
249
55
371
403
175
186
209
215
437
167
406
254
366
63
208
153
274
189
516
286
209
317
85
177
268
453
63
408
165
155
155
265
92
239
510
179
170
497
231
157
70
186
391
239
245
459
438
52
187
166
331
304
389
314
158
316
558
173
221
172
610
177
103
190
217
325
223
343
396
251
163
93
159
45
154
234
185
206
161
260
557
188
232
210
197
263
252
425
246
72
279
226
198
227
173
186
155
602
581
158
119
196
163
257
290
175
373
176
242
173
165
209
645
172
642
683
233
629
329
186
274
229
416
624
272
209
218
287
270
185
199
166
366
169
305
622
455
176
323
75
63
179
254
225
290
155
196
447
242
166
580
121
54
160
252
155
281
235
201
430
281
553
208
173
355
162
174
196
296
77
200
314
243
63
493
523
206
234
164
178
77
170
283
65
173
155
111
189
233
194
187
228
370
178
72
176
603
191
76
107
573
127
183
449
64
225
180
180
154
250
75
267
370
227
202
207
51
186
388
170
77
51
218
303
514
174
151
72
67
158
398
150
558
150
162
56
116
188
528
228
699
61
164
160
73
394
263
506
242
191
168
163
199
327
199
287
347
187
151
212
177
55
157
75
321
126
436
476
106
201
545
366
238
217
382
224
362
203
401
43
110
280
104
327
157
117
154
280
215
595
166
64
210
167
66
219
65
329
268
165
156
418
523
66
162
199
587
517
436
419
129
328
185
240
217
259
241
57
500
185
207
308
245
133
205
246
256
387
210
216
326
178
192
201
202
150
241
340
85
153
122
166
223
243
313
231
53
392
201
351
166
203
192
317
227
181
150
163
625
62
169
61
126
257
189
183
151
267
169
221
209
323
442
206
602
202
63
286
170
394
183
375
228
185
193
74
83
95
176
76
226
169
53
164
358
303
610
299
192
262
158
307
656
263
613
250
54
166
553
243
167
224
189
590
200
204
200
214
379
199
212
386
236
161
374
368
195
165
611
215
166
168
157
85
154
162
216
196
223
241
667
231
195
218
180
202
230
81
167
394
219
198
524
228
399
294
364
619
219
450
233
199
419
158
168
208
182
64
268
63
163
197
268
211
455
65
640
66
243
250
196
193
219
160
219
51
54
67
157
248
64
315
206
178
107
242
150
89
58
205
522
55
54
187
422
389
205
74
266
177
130
166
348
64
273
87
56
83
226
161
230
321
165
300
386
162
168
174
328
229
330
117
257
273
211
206
221
204
239
191
315
274
202
413
184
357
211
156
62
75
214
228
212
170
246
560
253
658
178
200
414
223
75
199
94
483
176
209
239
162
410
196
206
337
200
179
73
226
233
183
229
183
42
235
155
409
406
221
432
224
268
164
511
177
286
173
183
244
259
300
543
239
416
238
74
169
188
463
175
207
285
178
159
54
249
238
204
45
231
106
385
348
165
75
171
188
303
182
297
167
197
287
176
647
153
206
428
411
447
383
173
416
209
168
178
182
502
211
60
152
45
279
155
356
403
194
280
261
251
440
186
183
159
175
72
308
166
190
152
194
536
65
160
251
198
236
217
180
151
349
665
126
170
253
196
229
52
175
305
263
155
200
332
75
183
385
245
193
169
241
578
52
223
75
269
214
185
61
331
228
234
159
198
86
369
65
177
154
81
44
503
152
44
139
219
192
166
316
410
204
219
248
186
154
228
576
357
188
269
67
168
95
220
506
332
54
114
72
211
336
362
473
227
252
323
271
229
242
337
175
251
87
51
128
266
237
575
65
159
618
162
219
295
206
180
177
172
205
564
527
210
398
250
249
322
273
168
64
269
238
265
202
41
526
172
65
171
487
185
412
156
182
52
195
128
249
188
73
73
155
64
155
583
162
475
420
151
517
413
74
60
207
151
252
600
201
280
198
175
224
190
64
366
610
655
179
299
222
183
349
364
608
190
324
525
199
191
62
52
162
138
264
294
595
63
226
65
63
180
226
205
231
234
160
285
202
236
117
104
160
76
172
197
103
195
366
204
160
175
222
633
227
452
189
160
249
401
476
261
360
158
332
675
198
221
167
204
156
401
114
207
158
65
203
206
299
127
194
682
213
223
179
599
473
280
492
184
340
386
94
117
158
507
429
515
73
181
197
410
178
293
106
653
602
154
678
207
74
244
281
42
648
174
170
306
343
495
363
231
188
610
175
52
557
188
485
223
164
601
256
237
160
339
118
548
177
150
152
281
366
508
231
600
159
344
85
157
241
207
298
319
257
217
179
195
195
249
63
164
247
367
188
85
218
392
380
425
164
324
203
234
190
158
309
261
172
198
371
246
175
332
155
200
361
224
318
317
206
231
74
55
312
225
229
260
229
177
497
168
184
65
566
321
283
352
354
276
234
163
103
203
336
224
437
190
666
176
125
229
185
423
367
259
673
225
160
203
168
63
156
510
170
195
116
105
361
200
216
75
237
218
52
517
153
159
244
180
230
231
229
473
214
344
170
54
194
170
297
203
208
694
97
186
205
332
228
72
63
54
439
218
311
159
153
236
126
210
165
251
75
222
319
166
285
405
645
332
190
158
513
193
165
63
506
250
53
175
91
63
249
46
300
249
258
191
183
320
209
73
46
213
418
373
196
173
190
392
193
339
126
170
62
371
192
419
209
57
371
63
679
45
225
155
174
227
311
166
165
66
55
235
312
245
184
324
199
192
115
201
331
424
211
371
395
64
550
465
153
350
201
197
300
194
284
54
65
363
239
337
259
260
130
266
235
427
333
152
171
328
174
251
162
652
229
153
155
156
287
450
275
599
163
379
208
271
624
167
203
261
237
153
162
163
174
164
250
407
149
281
263
199
511
264
255
217
102
199
581
215
62
646
389
151
95
435
471
524
409
213
368
154
182
190
204
336
247
570
180
199
165
161
257
210
276
282
368
166
84
278
457
215
157
346
279
185
155
215
287
183
390
231
400
274
173
217
169
161
72
197
120
329
386
179
198
203
166
343
229
332
172
229
180
583
354
96
176
216
163
188
245
53
342
81
177
378
385
205
88
215
392
327
175
73
455
167
171
241
273
205
224
301
321
169
238
379
185
334
515
386
301
375
169
169
99
214
242
88
348
85
86
325
247
228
633
138
175
173
256
194
411
404
194
188
288
266
677
192
272
59
180
325
197
574
547
222
159
181
254
85
65
389
197
164
167
236
269
216
75
151
154
327
191
167
174
200
190
151
220
235
189
321
66
128
209
381
67
220
553
335
193
319
256
168
459
51
63
55
159
265
165
212
209
354
253
275
207
156
232
319
344
283
547
193
235
678
157
64
218
157
246
170
62
602
263
208
54
170
632
197
166
150
218
534
252
357
268
153
247
176
240
226
384
215
53
70
564
208
338
683
525
371
472
103
213
182
176
556
153
265
200
190
443
213
215
118
103
84
281
597
177
280
357
345
677
235
338
182
99
522
239
186
196
186
340
249
125
228
189
267
153
247
100
250
157
175
237
171
209
157
160
262
222
150
182
168
384
436
394
183
63
172
178
171
230
226
422
378
62
177
191
441
63
214
558
199
191
75
75
224
463
272
402
255
171
372
217
182
275
215
183
252
147
169
238
412
192
256
180
242
530
472
199
209
661
368
61
200
79
176
494
187
121
201
183
63
482
215
361
457
200
66
344
689
155
210
517
193
107
54
249
563
240
266
104
537
184
63
201
53
615
169
192
338
310
572
266
173
160
256
62
208
176
608
176
217
207
218
469
43
290
74
218
559
167
201
158
171
137
65
181
190
158
244
158
196
64
205
118
220
72
163
220
159
290
64
170
188
154
215
71
232
41
169
193
222
303
65
491
100
238
173
255
43
159
187
638
64
295
197
236
431
263
207
264
183
287
179
301
190
185
216
480
179
81
203
210
174
203
185
55
168
217
230
133
181
465
252
52
190
199
226
468
67
190
357
317
189
237
154
209
263
234
53
178
182
387
144
171
205
159
189
199
162
284
355
362
151
187
266
74
231
190
128
360
668
207
218
681
208
159
550
216
219
219
206
496
191
285
204
355
327
225
150
394
178
433
335
206
274
189
186
150
200
161
234
282
224
529
229
453
170
500
658
139
175
334
270
208
175
209
255
127
595
312
323
408
399
96
77
549
164
43
153
153
306
249
241
457
76
230
243
282
254
248
652
160
168
217
197
225
158
164
239
214
269
400
187
196
87
363
75
352
257
168
215
250
213
189
198
323
250
153
345
151
188
156
257
236
299
189
265
153
186
541
51
180
203
505
243
168
190
210
186
65
73
214
163
186
163
262
336
695
166
308
194
337
77
258
166
403
203
355
160
468
553
356
179
412
159
426
539
242
213
514
222
214
199
319
642
439
269
169
290
268
84
192
368
294
331
212
153
172
156
228
242
272
181
382
315
228
211
237
188
176
296
335
50
274
162
196
234
202
398
207
175
576
225
246
402
65
103
227
625
646
383
266
85
159
172
228
222
242
578
191
348
169
172
224
290
126
206
391
256
244
65
368
193
187
232
72
213
255
162
267
67
662
199
157
63
287
197
84
230
214
195
186
266
65
63
218
74
250
64
41
172
65
177
184
207
247
192
344
653
225
207
167
174
84
113
169
382
181
511
349
181
156
274
328
266
239
186
266
597
82
62
439
165
263
595
176
149
266
262
162
77
176
285
201
216
70
150
165
214
192
208
283
340
530
158
181
164
161
185
399
215
246
250
239
273
198
301
588
260
361
163
81
312
108
205
151
54
181
339
82
619
263
342
248
275
222
561
218
209
157
172
367
199
212
184
227
307
66
242
277
238
181
242
50
341
185
294
265
584
317
612
178
356
220
117
213
688
74
682
86
227
160
400
106
338
310
519
422
156
197
185
164
228
54
175
278
606
205
297
61
112
224
339
353
194
225
411
205
226
156
167
685
243
528
166
182
283
72
540
179
64
153
162
281
167
374
356
211
182
285
376
202
687
243
64
64
328
550
202
682
590
416
214
164
194
160
381
495
240
166
223
172
207
553
233
189
233
178
220
242
238
216
178
75
177
436
154
382
232
223
177
174
325
244
199
486
54
302
157
167
194
370
239
363
217
193
157
225
156
169
207
454
90
194
698
205
162
239
175
349
256
169
601
205
302
126
192
188
399
207
199
280
154
105
189
192
176
388
228
246
45
176
523
260
547
167
171
282
221
243
165
149
176
661
65
697
187
264
489
167
164
332
194
183
153
312
166
211
257
183
153
596
217
43
85
82
158
138
72
224
198
76
220
196
378
319
354
376
169
196
413
247
305
92
284
392
178
203
329
191
186
191
171
159
243
218
206
97
190
312
168
252
157
75
182
53
246
42
528
647
197
208
237
317
278
460
181
507
66
327
199
404
190
45
53
176
201
224
287
233
65
199
202
181
296
317
65
305
192
74
75
153
52
201
153
316
235
224
353
191
172
233
115
152
177
229
638
150
267
248
188
183
207
44
137
45
156
403
298
209
159
350
624
505
170
625
158
207
271
155
44
194
72
83
176
458
230
377
159
284
152
396
76
227
243
226
209
205
227
190
151
180
246
305
474
167
197
152
169
219
204
205
428
228
382
94
223
667
167
308
329
211
281
152
299
257
91
572
116
158
567
477
286
173
206
254
189
64
262
310
237
198
46
243
45
180
158
176
590
199
42
184
209
637
195
173
175
694
52
155
395
250
165
361
237
343
176
230
366
155
239
133
319
228
620
596
222
280
298
155
167
129
83
234
215
256
250
163
63
214
231
270
55
675
237
217
264
210
219
581
388
193
368
202
401
85
219
199
178
162
195
152
399
108
580
585
94
346
244
339
193
72
80
52
151
194
418
179
196
65
424
106
233
155
221
409
241
154
52
63
75
224
285
54
201
412
279
529
494
254
361
275
155
179
303
157
124
41
521
196
282
266
159
348
97
76
158
167
158
376
204
174
191
177
217
350
164
222
578
302
267
285
176
179
157
213
428
335
245
127
203
184
56
119
179
178
521
236
152
230
173
261
621
175
197
75
207
194
233
651
196
169
191
56
191
150
211
269
255
288
172
536
296
259
345
333
202
220
74
221
296
283
218
473
213
74
444
187
210
374
56
44
193
196
167
422
171
298
192
344
192
215
46
167
222
200
410
369
263
215
641
172
208
177
208
410
313
74
251
255
697
157
355
306
150
520
264
239
65
311
214
97
183
237
188
321
274
173
173
274
179
321
365
207
154
178
188
200
353
155
617
86
230
421
143
131
196
178
170
232
152
410
349
485
274
171
326
212
167
271
176
168
618
181
193
219
188
171
270
255
173
219
297
169
460
94
226
348
178
334
207
212
210
157
552
249
205
271
411
174
316
655
485
220
232
191
195
187
162
52
185
62
130
230
169
533
165
183
245
254
197
156
246
187
181
237
248
67
538
64
433
243
213
340
230
371
273
153
489
245
204
222
217
182
169
64
161
201
164
213
147
228
174
200
456
175
502
211
312
223
495
513
87
186
355
662
193
375
274
266
682
52
200
239
167
171
231
280
213
129
169
177
201
491
534
357
259
61
85
556
243
367
239
164
188
182
273
125
168
341
421
177
286
402
215
208
104
166
171
351
181
178
379
171
88
618
213
169
169
155
260
337
302
82
174
74
405
210
209
360
152
309
261
176
54
253
237
180
253
217
62
529
169
179
206
64
152
56
131
608
213
450
222
270
179
184
370
602
318
155
231
335
240
75
236
155
634
282
204
199
139
72
176
266
262
194
568
287
90
370
435
174
72
496
300
583
600
317
188
314
158
151
394
544
154
195
406
236
264
50
304
256
297
168
207
267
162
261
291
174
210
128
83
416
186
157
673
154
152
261
176
95
174
212
212
154
221
83
225
177
52
255
206
162
311
451
353
453
198
201
209
346
366
656
216
194
187
579
597
214
76
42
467
237
231
195
336
362
198
73
136
658
195
688
157
230
594
64
593
184
185
253
261
63
74
554
550
187
384
322
512
167
205
557
246
377
228
87
357
207
388
210
137
66
179
208
71
163
56
191
181
41
67
233
308
267
207
151
353
305
155
254
224
405
233
191
331
400
197
241
191
123
567
191
227
154
213
366
471
187
422
188
250
211
159
214
197
209
116
274
197
596
160
206
388
128
252
196
227
103
309
401
275
168
224
262
217
183
156
237
219
179
194
67
273
161
66
244
239
206
235
248
53
209
187
191
223
151
55
179
52
696
176
393
108
279
237
246
215
334
343
323
597
297
182
245
212
305
222
699
174
463
226
605
94
418
173
155
397
676
362
259
158
77
548
93
155
195
579
669
422
177
189
697
619
444
74
218
220
582
179
173
293
162
238
265
214
549
204
162
278
265
287
203
484
270
219
367
227
236
192
281
151
171
403
254
398
103
593
174
204
183
200
205
632
163
200
148
335
224
178
54
310
647
189
627
230
189
62
501
195
157
165
393
338
93
156
170
197
236
71
641
169
258
204
74
512
170
161
272
104
188
199
232
53
189
196
189
371
183
226
200
192
186
162
86
223
254
68
53
181
172
621
62
150
334
41
346
188
548
177
169
156
130
532
156
41
205
183
197
372
591
182
228
63
179
207
361
160
205
312
241
52
302
245
335
178
64
261
54
156
413
217
551
173
51
530
383
561
244
209
249
416
688
293
162
167
162
95
253
173
491
193
246
170
267
289
297
209
345
459
241
215
282
596
211
310
650
219
227
196
42
211
139
204
209
63
52
65
54
260
224
157
489
321
165
216
194
391
247
194
209
177
509
225
44
241
43
246
190
223
236
204
229
401
210
287
210
169
362
250
293
264
193
204
189
384
157
403
85
172
219
244
204
169
311
245
319
199
189
230
274
168
84
85
270
690
163
209
254
421
692
203
474
295
186
296
169
426
303
218
81
91
640
295
180
157
274
214
87
215
159
183
63
369
187
196
278
195
654
390
204
165
327
352
190
191
437
264
46
85
205
151
237
53
236
224
157
588
206
356
291
575
153
164
161
565
373
248
94
326
244
227
218
239
177
74
68
165
246
640
166
218
179
241
162
56
198
303
63
388
192
263
479
352
172
167
212
279
206
227
176
245
393
63
152
381
203
215
215
217
211
202
184
460
195
212
381
169
83
150
174
169
366
199
162
641
183
53
187
245
326
565
207
265
496
421
177
253
196
234
217
557
284
160
265
154
214
163
627
64
243
62
263
198
314
184
85
407
583
649
72
294
478
373
322
64
218
380
162
483
398
399
223
229
275
75
422
665
46
235
94
76
209
199
669
179
242
229
340
161
155
282
599
91
161
407
125
258
189
288
175
544
252
168
214
210
165
216
215
235
207
170
128
253
349
290
336
230
194
193
190
528
64
190
364
53
337
158
121
54
214
83
193
666
75
156
164
270
329
62
181
242
190
269
298
237
331
359
358
445
325
96
161
53
200
262
176
194
216
211
388
155
331
64
219
282
413
182
268
162
203
265
243
172
54
157
166
220
644
440
402
519
248
210
569
206
490
166
266
77
197
188
247
184
286
153
228
392
174
176
352
644
695
490
446
165
53
196
311
179
214
456
605
183
225
83
480
227
212
179
249
184
270
311
220
158
256
237
63
226
164
180
178
51
84
159
72
64
204
216
157
74
237
325
243
215
256
226
364
194
188
176
65
165
163
117
190
189
229
164
64
63
367
186
183
376
165
190
169
165
181
157
306
215
239
252
54
198
184
642
152
285
154
111
53
252
333
204
76
53
257
204
251
163
53
224
383
612
95
226
464
188
186
168
179
64
155
197
178
74
390
614
212
198
186
166
445
266
217
253
333
234
204
85
363
367
178
307
302
226
276
73
201
64
173
549
185
212
62
194
236
198
283
353
95
315
53
206
378
646
74
303
177
206
372
215
214
270
151
204
274
417
295
237
234
163
210
569
155
285
367
117
200
114
156
123
394
153
216
172
232
195
377
552
614
171
464
660
269
164
268
355
280
169
217
461
234
77
180
54
192
218
259
73
218
85
173
152
243
155
201
219
54
71
367
190
181
389
190
74
66
459
374
54
232
152
354
678
162
195
407
215
175
165
248
269
158
299
164
128
193
220
166
302
319
255
205
468
561
198
153
236
285
603
330
148
204
258
186
72
287
598
173
214
257
269
169
170
249
251
221
220
50
257
196
157
170
323
166
177
420
217
622
441
345
116
244
259
542
349
216
395
84
265
52
383
151
322
214
214
594
215
683
214
232
160
177
181
653
150
616
273
173
185
177
218
181
313
299
261
246
401
201
363
196
207
587
69
418
216
94
179
196
210
186
337
165
155
194
70
225
196
228
151
247
170
231
313
376
311
154
579
181
177
162
77
229
159
598
262
414
179
355
229
360
230
308
193
162
356
189
155
333
221
257
195
78
195
200
176
169
177
165
256
578
76
223
190
372
169
566
167
383
234
183
366
395
406
387
198
379
245
326
155
248
246
153
243
96
161
335
518
344
368
186
187
86
202
310
191
53
63
87
529
256
296
162
170
186
227
360
174
256
98
237
166
364
190
185
169
263
354
102
170
168
647
191
157
266
239
211
461
233
534
183
331
198
171
553
239
73
102
399
253
211
352
175
228
217
208
195
162
234
108
479
189
150
154
170
386
567
229
258
462
268
188
185
93
181
214
268
381
54
230
217
482
276
178
179
157
179
324
54
289
415
177
301
149
333
200
232
302
161
223
171
114
164
346
178
228
235
252
194
103
229
178
156
293
203
157
167
386
51
699
411
124
175
249
169
231
440
339
256
92
165
182
193
293
197
401
222
231
294
360
308
149
154
186
222
159
336
567
228
52
695
205
167
261
225
437
185
160
603
178
211
479
197
110
263
236
397
440
157
116
176
173
251
228
364
181
200
271
283
297
308
263
263
76
184
248
356
306
183
180
129
211
422
335
653
93
230
244
267
361
62
309
540
279
426
634
344
415
403
158
401
280
152
182
202
680
366
154
223
180
159
206
381
339
369
168
190
190
150
247
236
359
190
235
596
63
275
223
286
159
501
233
173
227
495
161
211
167
387
260
54
358
266
366
181
168
190
186
446
150
489
207
152
225
200
216
218
258
223
150
392
218
245
76
202
220
196
251
688
220
208
577
189
431
199
211
238
214
118
52
216
204
183
212
65
268
210
161
337
425
81
377
228
163
53
204
206
182
181
174
216
235
169
194
237
176
308
151
51
336
188
397
177
158
103
127
509
265
198
164
219
166
194
587
176
246
212
181
181
60
312
386
87
212
210
392
85
214
162
63
512
156
154
651
114
502
59
176
247
52
72
217
175
105
319
210
158
321
503
291
191
63
611
89
61
242
190
188
174
505
210
211
169
420
218
376
436
125
276
158
259
209
197
241
375
176
570
169
229
553
283
429
282
159
248
379
608
222
239
188
65
157
161
187
151
158
206
210
209
83
105
350
231
223
188
445
209
212
232
256
333
211
231
183
175
677
188
258
165
52
170
219
52
69
197
554
564
198
269
182
396
332
51
74
250
377
453
234
238
162
217
375
322
56
226
237
655
62
579
96
175
349
304
528
217
54
119
75
222
217
228
53
95
227
365
343
262
203
167
173
85
648
206
75
189
367
398
591
53
220
156
189
206
184
211
65
198
371
209
233
45
96
170
194
245
248
245
441
595
193
219
186
344
63
222
479
162
158
55
213
166
216
472
396
299
163
647
205
363
264
508
326
367
61
290
54
414
241
164
323
220
308
528
563
192
155
348
209
104
413
171
431
190
198
174
84
156
225
62
167
73
83
347
83
539
319
680
275
358
185
232
392
349
220
270
171
165
182
203
77
181
166
74
151
294
176
169
103
337
61
177
346
190
208
169
201
218
73
414
270
229
137
393
156
245
250
72
199
232
289
516
212
202
585
215
304
210
237
219
617
271
342
222
563
189
178
168
394
227
484
187
494
178
694
227
248
227
198
278
225
204
150
88
178
353
175
164
127
54
266
567
207
308
541
387
60
186
95
191
490
193
171
420
185
413
445
193
209
171
52
253
265
154
423
344
234
335
208
167
459
226
426
168
385
160
292
65
581
406
181
232
188
181
208
164
208
556
152
261
64
366
205
171
189
52
219
171
230
82
240
327
270
165
249
201
106
170
538
166
571
574
382
203
437
168
214
306
185
391
298
210
166
205
219
368
253
253
248
186
159
202
275
607
288
301
215
202
283
186
285
382
184
211
174
369
73
175
262
123
255
56
206
278
400
172
254
363
185
152
56
212
208
221
332
331
311
157
152
169
421
184
202
175
349
193
87
121
249
194
76
182
168
157
253
175
336
235
208
165
209
295
556
154
356
175
242
287
180
61
157
77
176
516
374
329
421
682
183
191
246
254
153
311
306
260
564
180
176
73
185
226
108
266
421
257
229
188
348
289
154
186
530
191
202
248
453
152
345
167
211
82
235
240
233
155
92
481
203
75
170
474
167
275
166
161
414
177
423
166
243
258
199
492
172
165
631
542
170
171
267
336
295
170
189
226
186
210
200
353
261
221
254
249
474
369
245
594
233
84
225
285
232
198
313
170
209
157
244
177
259
58
305
189
208
236
195
155
173
54
54
179
220
181
116
249
206
65
164
154
218
44
455
224
624
397
165
212
243
173
86
635
182
203
176
213
463
218
152
625
166
344
575
167
635
314
175
151
195
154
180
278
176
163
171
622
75
385
181
165
166
222
157
440
317
365
187
234
291
675
62
248
166
168
166
62
212
344
153
228
204
199
232
65
544
282
158
164
381
452
63
170
162
278
345
186
151
361
209
170
229
663
219
68
171
76
82
286
167
341
417
225
152
199
324
72
226
595
168
652
212
161
55
177
162
241
182
228
174
375
615
212
192
72
502
188
191
433
231
399
150
514
212
303
239
550
198
493
697
212
189
273
408
177
288
195
159
188
202
402
191
95
613
641
193
197
215
67
226
194
243
256
191
188
63
300
193
193
45
64
285
476
231
233
319
204
302
212
175
376
168
456
211
181
361
161
267
316
180
240
201
338
55
365
155
299
173
194
288
401
174
237
636
213
340
152
235
235
280
204
206
192
153
219
216
541
197
382
177
607
199
201
385
193
203
354
158
186
367
174
584
136
204
152
700
339
262
178
153
155
197
367
188
166
220
201
587
164
362
200
222
163
150
190
237
234
214
161
168
248
252
181
212
287
41
114
283
156
190
217
254
203
346
154
303
181
225
322
60
199
565
228
589
235
67
222
173
214
182
176
182
446
611
153
201
216
311
185
66
65
188
516
160
617
257
54
394
581
166
161
345
213
434
167
228
164
174
168
52
390
214
254
204
356
203
179
276
547
216
155
229
196
339
174
170
230
290
259
197
246
318
187
157
381
276
239
213
127
296
60
157
285
171
180
174
392
176
179
199
251
306
445
258
130
290
52
425
219
53
154
177
42
288
241
174
455
679
63
162
236
164
181
606
118
250
149
375
199
223
323
65
366
62
76
365
184
177
265
77
261
451
199
321
94
125
370
174
224
155
193
243
196
164
456
201
161
160
287
235
271
424
388
207
207
199
432
166
52
165
172
239
173
172
293
361
160
326
321
195
264
263
387
357
646
179
291
224
190
183
117
396
269
396
205
152
641
220
166
151
165
206
266
610
309
167
73
213
254
220
178
440
397
198
206
304
194
270
251
79
244
166
165
53
457
96
238
84
248
63
567
228
169
204
696
516
88
164
223
397
311
161
376
97
250
366
227
231
211
185
160
222
188
259
208
481
273
256
695
65
306
306
293
313
224
96
295
356
268
228
337
246
565
238
182
605
254
195
282
208
152
196
266
206
165
211
418
534
234
315
176
578
599
282
176
365
75
161
176
263
450
315
198
167
51
66
95
173
135
334
107
190
180
399
245
159
670
344
158
166
195
246
294
224
213
185
174
222
302
136
524
220
209
389
353
418
173
219
406
238
336
458
177
239
222
84
577
231
220
185
152
223
554
222
331
483
218
85
154
334
616
246
246
152
326
333
209
193
95
166
175
485
235
169
158
317
166
63
150
174
151
261
415
516
174
84
213
194
165
222
174
554
71
647
188
77
153
224
223
277
169
187
359
156
317
148
170
221
157
645
251
234
185
163
63
229
199
179
285
192
199
318
390
127
170
64
192
54
204
243
188
251
150
87
207
171
341
227
201
151
206
310
100
178
64
307
622
184
401
259
367
237
291
198
356
371
187
200
316
54
308
79
183
164
206
161
54
236
182
392
83
261
85
65
334
361
197
62
505
222
196
227
645
61
351
588
315
193
64
240
161
198
165
264
148
64
126
211
260
211
138
594
398
241
175
207
150
54
277
212
75
173
531
221
204
272
54
64
179
119
304
426
176
193
247
231
165
532
156
74
408
242
64
248
205
653
150
241
237
251
580
269
139
403
312
158
153
197
172
163
570
180
238
415
126
163
171
189
588
193
287
254
212
160
645
402
177
185
249
295
170
247
546
94
562
220
73
157
70
47
64
410
72
180
391
63
306
239
166
53
165
223
158
221
154
318
106
331
210
117
280
365
387
204
288
390
171
353
73
86
438
171
522
361
117
368
504
239
584
254
53
212
694
541
150
186
209
173
207
159
512
157
54
228
300
156
398
195
378
178
156
243
170
83
222
286
419
684
181
226
193
226
180
172
177
205
99
221
210
53
51
72
64
94
165
197
191
168
393
163
60
343
167
241
179
359
249
625
43
206
151
189
220
495
73
197
113
340
202
235
86
644
63
237
240
250
327
197
240
544
124
87
150
94
317
389
55
165
253
151
196
64
53
629
172
343
291
446
153
283
191
176
156
168
545
199
186
184
491
194
254
165
82
227
61
189
208
474
262
590
248
75
264
157
675
165
222
207
251
64
209
74
173
183
61
240
54
248
489
166
249
74
193
123
243
123
678
75
273
339
56
209
156
157
186
301
217
93
448
248
116
190
150
127
87
500
93
348
65
252
248
472
172
84
175
217
218
207
61
214
202
197
359
283
235
210
82
333
203
193
232
61
664
188
229
64
210
86
251
213
53
101
238
151
171
617
623
171
679
227
582
283
301
231
356
191
160
223
195
470
674
253
238
190
156
126
606
210
63
342
178
177
172
199
210
529
417
388
224
219
212
320
63
241
224
357
254
461
160
365
228
172
229
308
364
47
378
186
178
214
84
263
95
183
151
61
248
198
400
397
153
382
326
207
168
175
330
384
159
400
265
63
149
561
346
491
221
166
523
75
304
167
199
173
177
188
166
687
196
236
52
174
245
246
193
233
75
215
166
177
191
401
187
646
191
224
584
337
237
243
177
83
60
169
207
164
524
349
179
353
62
183
252
328
62
245
173
257
62
229
672
325
159
171
315
179
175
400
393
374
236
159
595
196
201
167
497
182
166
363
170
52
222
229
53
377
168
95
197
557
44
191
192
55
62
577
63
180
155
106
186
335
216
51
229
194
193
567
63
63
660
169
114
226
87
579
93
55
189
431
95
479
125
82
187
76
85
187
154
357
272
246
353
566
378
165
580
58
51
248
299
242
168
254
200
466
182
346
170
238
204
371
177
187
325
324
214
211
682
381
532
188
199
215
216
252
63
153
217
71
234
201
64
347
248
253
196
369
188
177
162
293
231
235
674
221
168
110
302
208
173
207
175
178
348
410
396
100
171
594
61
51
203
272
44
222
228
127
59
180
118
228
226
156
76
365
176
472
119
284
226
372
184
606
207
668
187
165
198
155
211
182
549
395
619
51
213
190
199
209
686
181
194
402
229
124
174
161
224
225
497
249
167
203
167
292
451
292
204
159
368
213
239
182
385
586
197
231
365
277
196
221
194
230
669
684
157
347
199
250
387
262
483
139
576
170
189
597
239
370
275
156
129
213
191
486
619
354
66
239
429
163
51
251
480
203
343
176
370
649
186
199
171
654
367
633
359
208
343
63
180
117
158
183
273
156
203
175
111
96
197
237
391
167
264
661
199
236
54
231
218
168
207
236
341
198
328
571
208
175
46
74
396
194
238
158
193
214
404
163
257
168
211
185
656
278
203
73
358
291
156
359
585
252
185
108
167
373
307
62
122
152
158
96
206
185
85
166
156
231
239
394
222
95
219
231
384
600
207
186
74
154
314
69
48
700
177
234
194
75
76
61
353
443
201
178
65
61
382
192
315
164
268
192
256
63
212
195
186
158
207
257
244
317
164
309
569
209
210
325
611
233
173
256
193
185
207
258
683
199
234
290
175
199
265
160
622
185
230
74
410
230
93
273
159
243
202
229
177
357
42
84
43
171
259
62
685
396
358
186
152
157
64
193
214
185
76
188
388
211
179
208
69
53
169
395
161
297
621
229
168
225
353
356
174
288
446
187
463
264
535
413
172
222
184
237
672
395
64
203
167
219
383
501
83
202
176
611
216
203
159
186
225
239
182
168
64
688
325
205
643
697
580
176
233
350
646
162
217
252
383
450
584
238
160
209
291
417
277
642
239
76
203
420
286
181
243
189
325
342
189
184
205
218
168
372
174
335
361
238
259
217
161
159
572
250
205
229
76
195
391
480
448
156
91
279
519
294
234
424
203
195
163
171
187
169
404
93
239
179
333
186
506
164
269
266
83
321
352
608
247
515
56
229
194
248
222
206
319
682
157
152
639
155
214
187
172
358
165
172
189
197
204
187
186
198
187
174
397
205
590
161
206
312
224
201
565
87
175
272
215
203
196
398
163
166
700
175
179
284
154
349
81
349
207
613
157
54
260
200
167
190
215
164
272
309
66
598
112
53
203
603
53
231
220
197
172
185
219
219
381
163
82
285
598
179
189
219
73
158
191
154
162
42
238
226
172
58
304
164
608
173
589
157
166
424
170
166
639
204
48
359
159
115
153
294
157
216
240
203
573
209
661
232
151
165
610
251
185
245
229
155
432
383
277
157
189
220
117
251
186
152
219
157
358
187
167
331
53
241
54
238
591
159
122
198
172
371
159
187
309
180
226
231
343
444
364
461
219
154
66
302
227
194
699
348
153
182
211
263
195
168
610
186
347
481
593
242
268
344
152
85
159
431
194
94
163
65
208
432
539
53
279
161
157
556
232
155
277
97
113
258
244
190
571
227
65
164
267
113
191
173
234
64
65
54
425
320
158
122
201
220
119
188
350
236
206
163
201
205
212
408
213
187
187
320
49
201
169
268
92
172
51
237
200
104
150
63
156
168
93
107
151
134
160
261
256
174
365
77
157
274
214
174
82
175
156
382
170
205
577
317
340
433
201
203
197
172
248
486
200
176
236
204
70
261
292
205
176
298
184
218
424
295
298
255
152
223
107
159
692
177
62
526
267
230
177
183
158
524
187
173
298
371
65
191
199
219
305
258
53
384
281
176
153
219
232
76
149
176
387
214
198
178
435
327
241
182
193
274
187
199
400
374
200
54
189
375
205
169
601
372
211
365
174
152
168
547
62
201
52
175
244
231
263
164
227
150
167
192
554
213
75
240
219
73
173
257
403
234
177
249
73
156
127
208
174
360
218
559
164
228
394
688
258
152
240
233
85
239
77
146
169
234
303
236
154
52
53
229
202
341
95
221
218
355
213
356
226
240
151
203
239
241
180
294
401
178
192
368
191
199
237
353
188
661
381
335
269
216
174
238
644
193
380
187
618
356
334
214
178
219
203
533
547
178
178
243
286
165
205
230
629
200
172
192
234
54
86
74
157
226
330
87
207
318
63
271
62
120
279
158
300
370
221
241
195
212
633
167
166
332
70
524
260
240
339
78
216
246
651
313
188
63
87
576
244
190
403
618
243
186
250
252
173
229
79
95
53
172
477
585
185
391
53
63
240
365
362
222
155
239
64
155
56
580
386
242
667
324
394
309
665
196
85
201
194
266
155
171
242
199
52
143
514
161
626
411
242
199
207
294
346
198
177
209
554
230
165
382
250
282
473
63
154
424
204
219
63
197
370
80
197
188
274
60
173
230
87
186
251
150
341
541
72
221
76
351
188
255
631
617
224
166
659
43
160
150
75
462
207
103
201
296
592
192
197
354
161
234
74
373
51
41
97
189
312
220
191
340
54
253
262
64
128
184
277
265
249
61
150
369
105
202
228
53
153
159
76
288
458
78
82
147
85
334
199
228
170
161
397
216
573
192
437
232
237
157
231
216
198
549
165
215
388
194
364
354
61
189
160
188
442
132
157
216
415
253
379
66
591
159
72
192
218
190
200
209
211
95
171
229
134
346
339
198
228
169
157
361
262
190
194
545
176
341
212
188
231
83
230
205
261
54
236
192
255
193
266
430
152
89
358
182
221
261
156
285
71
624
173
219
85
274
241
166
216
219
227
223
168
85
172
65
205
618
323
345
177
111
191
161
159
190
189
62
198
254
173
191
115
199
539
132
204
478
186
179
180
171
253
201
167
292
449
181
202
628
127
160
191
151
104
650
332
304
235
509
169
293
325
665
630
168
235
241
392
202
69
315
322
223
106
63
249
134
385
222
169
98
370
175
263
184
451
389
215
210
289
260
232
223
175
259
221
230
509
248
331
335
69
74
182
199
206
226
417
222
347
228
198
426
401
330
108
234
353
377
171
252
212
216
201
178
267
221
286
175
232
357
279
232
238
436
191
212
259
222
292
517
156
605
612
173
411
166
594
213
177
157
54
296
312
662
209
242
424
406
130
150
267
681
216
571
217
195
337
189
175
222
172
195
53
359
328
236
544
512
217
196
73
153
206
218
157
254
505
182
183
201
207
86
236
155
156
221
160
208
543
219
240
187
228
175
188
372
152
608
221
211
227
234
249
234
182
448
222
280
66
185
351
300
209
252
331
158
435
184
172
171
73
54
228
417
74
288
498
186
233
220
387
612
173
203
179
639
214
350
150
247
171
329
208
431
65
554
382
649
166
201
195
176
425
169
217
272
193
155
166
252
402
189
456
666
191
286
170
109
121
388
171
208
53
607
189
73
553
218
62
206
380
199
95
184
198
62
150
214
202
54
123
198
264
344
196
55
150
52
197
213
402
189
166
156
213
654
189
55
237
591
256
165
251
64
239
288
380
287
170
157
369
525
305
218
237
653
286
179
279
453
187
162
199
674
303
212
235
634
176
52
287
219
100
250
415
198
682
506
288
353
179
155
55
229
208
694
214
258
264
566
305
177
286
338
150
167
628
62
246
60
203
85
54
53
369
292
305
201
228
190
279
590
317
390
54
299
224
156
407
178
115
588
428
301
152
73
166
95
169
236
266
225
440
216
391
253
284
466
167
555
176
569
53
195
237
195
152
693
154
564
198
153
384
182
434
176
222
235
271
59
185
190
186
555
249
177
273
74
183
517
347
369
202
234
251
272
114
285
547
217
234
155
222
223
178
63
122
169
397
513
241
151
562
100
272
193
96
248
279
181
63
190
304
301
272
207
530
362
215
262
87
51
281
408
212
385
174
164
209
175
249
172
243
120
340
186
426
193
196
149
235
166
57
536
249
312
404
193
172
267
233
237
54
269
83
198
155
427
369
165
210
262
251
164
229
245
179
387
182
77
494
220
168
223
274
270
350
95
216
385
216
97
113
86
226
159
193
199
700
412
434
125
351
206
338
206
171
493
331
192
295
261
76
193
513
459
302
203
189
172
168
117
217
275
247
611
190
282
234
213
299
291
211
231
507
225
176
278
533
183
164
212
366
191
236
173
225
172
290
157
319
176
171
181
274
155
211
171
398
555
188
152
66
643
54
208
150
184
70
363
165
77
157
55
237
396
208
153
638
688
55
181
210
167
64
262
431
180
192
454
264
191
173
172
197
332
203
165
188
241
165
171
161
191
292
254
354
322
114
179
176
286
249
288
306
51
155
198
51
378
197
53
371
502
222
195
94
261
237
55
95
242
98
379
212
159
225
237
538
544
161
178
124
338
158
185
169
45
259
205
168
310
381
259
595
217
258
175
422
207
123
384
488
320
672
196
165
97
291
295
97
57
63
173
102
236
165
330
273
330
93
263
86
221
74
185
205
512
196
192
235
521
260
181
325
299
220
257
166
158
249
385
126
53
170
158
230
222
160
165
330
158
278
252
563
384
170
273
332
65
548
129
232
497
245
180
164
163
175
54
242
95
71
193
210
214
92
358
167
160
83
697
219
230
53
177
181
567
194
157
185
181
252
475
339
191
678
324
222
248
226
189
272
77
167
156
240
209
271
51
179
636
485
247
253
222
220
233
220
273
236
438
269
442
443
233
63
529
394
560
627
214
319
95
232
177
243
380
157
66
222
74
180
457
154
224
392
172
198
614
53
157
151
260
180
157
215
267
253
62
191
190
213
214
183
241
377
55
350
173
199
185
171
487
231
201
86
140
577
196
258
108
189
293
150
239
179
177
382
163
168
68
180
334
189
188
205
177
178
198
546
193
371
198
284
277
159
162
172
314
167
221
185
176
153
430
466
151
417
227
349
81
87
580
153
188
48
91
161
182
234
223
199
166
216
186
185
222
251
333
221
178
388
247
224
211
225
49
171
187
155
174
305
524
176
167
227
176
249
67
184
229
234
137
215
235
358
65
205
118
69
161
152
86
58
260
181
107
604
158
206
51
212
167
544
217
487
158
605
164
427
249
164
156
164
369
154
603
265
176
154
189
216
162
229
399
226
73
197
217
281
153
676
364
172
204
481
81
224
87
153
52
259
225
210
222
282
466
59
163
62
175
62
437
206
321
464
197
214
414
177
66
227
183
659
179
409
55
150
317
229
307
197
216
216
64
298
200
207
75
197
75
76
165
251
171
255
234
116
64
178
174
52
535
176
517
165
137
354
71
229
592
206
191
196
157
267
444
63
211
229
377
539
240
653
62
206
364
262
178
121
205
268
74
330
225
280
240
187
217
356
185
652
73
196
577
155
184
124
582
105
434
509
217
195
237
276
185
193
180
243
164
205
191
271
429
156
341
52
215
130
219
335
152
140
385
485
175
215
180
297
174
240
183
64
166
198
230
298
569
62
229
163
177
162
402
85
409
252
274
192
55
185
456
267
392
536
201
407
208
403
378
186
367
172
194
265
692
164
507
237
210
223
654
201
301
177
245
248
223
152
168
434
152
196
235
117
398
180
306
158
154
228
651
210
197
183
455
252
184
468
687
158
236
189
172
180
51
151
193
337
322
251
168
300
420
433
329
282
518
204
196
347
184
202
333
200
225
414
273
159
230
606
216
649
190
382
188
201
165
168
108
211
415
358
354
326
165
250
614
157
127
187
329
218
234
224
53
221
250
168
292
441
191
211
175
165
52
337
182
236
239
176
184
171
251
223
125
498
213
196
137
253
496
230
537
328
220
165
362
180
191
373
52
164
369
152
179
171
238
233
157
255
210
365
261
189
529
254
331
245
163
224
217
202
221
150
341
413
380
210
223
167
172
64
163
347
189
178
163
275
197
269
128
303
80
215
180
217
152
272
168
425
245
115
225
226
382
162
295
154
128
352
333
429
691
83
64
206
685
267
214
204
652
206
223
269
185
210
237
213
281
284
264
409
207
82
186
53
178
277
178
183
292
221
64
211
286
173
231
92
50
215
72
54
219
81
211
253
182
205
279
342
433
81
174
164
389
167
160
76
167
169
175
188
73
221
182
347
180
522
124
206
239
692
423
212
485
222
238
151
160
225
194
484
243
74
699
175
269
65
87
168
349
228
285
258
265
218
237
427
81
171
190
520
484
213
203
268
186
363
216
176
460
638
186
265
155
261
192
153
318
51
64
52
477
401
120
628
332
183
223
210
336
64
167
431
177
172
315
175
209
253
205
280
185
157
51
615
59
388
262
369
298
70
422
150
439
201
330
185
262
167
397
173
116
345
209
86
234
265
181
159
469
211
50
201
443
258
233
207
150
119
212
363
634
200
391
420
193
683
190
207
149
214
238
387
189
220
170
224
152
220
507
64
164
570
212
210
404
216
373
336
41
455
336
230
178
541
296
464
605
118
242
211
170
394
509
176
186
172
209
214
382
158
173
286
165
330
237
211
64
58
168
104
236
279
674
63
182
333
62
162
450
674
252
205
434
249
223
419
185
93
593
208
221
480
73
188
153
516
157
161
413
63
158
54
146
245
159
520
136
46
151
214
249
54
160
385
153
53
390
317
52
245
257
66
158
71
175
75
46
494
201
351
217
567
268
381
626
51
63
241
389
93
365
181
95
176
240
75
239
103
267
372
56
180
174
63
602
312
160
237
86
271
240
159
167
170
220
201
633
176
497
75
193
245
308
192
98
640
179
578
379
177
229
270
258
186
163
178
211
472
193
159
256
275
181
193
76
169
483
201
226
249
230
514
670
177
172
183
476
199
386
155
196
204
200
584
168
177
190
215
163
177
556
488
287
518
318
206
289
281
239
387
230
107
331
191
387
362
112
204
175
178
188
188
173
335
254
632
163
211
232
380
224
560
602
321
248
168
150
178
349
271
161
214
348
192
72
176
244
162
205
242
176
302
223
253
223
185
180
199
203
198
667
70
219
161
553
238
222
203
158
190
66
260
155
492
224
181
94
189
165
196
189
55
459
347
177
255
175
252
220
179
417
76
112
154
263
358
192
65
177
177
301
232
316
247
174
540
66
224
632
233
218
197
181
337
211
331
104
237
70
76
597
430
281
326
72
559
170
127
179
198
339
159
619
197
108
530
219
155
188
76
313
117
339
242
184
161
578
681
353
247
214
197
192
204
190
159
389
383
208
227
187
199
84
177
208
174
203
441
248
185
89
154
167
661
581
158
160
234
247
171
260
267
169
343
189
74
241
238
221
324
66
199
186
259
321
222
625
212
410
187
192
150
313
154
229
417
241
168
259
162
191
135
95
63
51
149
650
235
261
172
170
237
256
66
344
436
496
227
47
161
302
589
193
238
386
165
150
247
213
390
349
234
177
224
220
172
212
217
272
320
236
248
546
295
53
163
188
260
185
187
234
232
229
292
185
395
248
411
234
609
260
196
671
388
419
257
236
633
215
179
343
587
198
433
248
153
194
231
401
241
280
229
465
54
174
63
206
222
218
74
240
411
211
171
561
247
387
168
205
192
404
477
171
207
241
440
193
195
265
171
256
175
182
204
329
157
259
523
531
317
499
334
167
176
227
190
151
162
191
151
214
663
337
190
249
607
46
177
242
164
237
210
325
575
157
194
187
157
184
292
391
239
237
301
201
75
159
182
561
164
513
64
626
85
652
205
207
234
178
229
270
75
240
171
53
64
187
159
213
393
213
166
217
243
174
269
214
108
63
179
344
301
219
246
198
53
168
135
251
169
84
115
161
83
165
551
607
329
541
165
409
521
165
184
350
295
53
107
49
96
183
217
373
239
245
238
256
374
254
210
168
189
172
249
285
358
85
422
575
155
239
160
58
54
92
152
203
233
278
310
202
214
168
46
175
220
116
230
199
407
94
171
314
164
179
202
74
165
212
154
385
122
176
183
152
165
400
251
153
156
223
193
155
250
249
154
132
121
216
244
258
113
229
163
225
262
237
152
115
177
340
193
130
468
176
390
116
375
313
233
219
183
249
261
206
682
181
64
253
106
189
173
698
65
245
191
246
651
309
108
161
168
619
203
127
417
66
187
225
271
197
377
217
63
400
369
177
171
78
453
239
344
83
236
86
158
652
63
56
232
54
228
218
243
346
284
208
163
260
342
196
70
402
177
107
436
192
429
230
168
278
55
84
150
170
420
154
189
297
220
609
340
596
193
182
225
619
213
174
198
155
399
179
349
394
72
82
169
216
242
161
205
247
153
195
63
171
218
512
204
84
339
246
166
154
222
401
195
353
185
115
268
204
387
154
327
208
224
261
381
171
566
166
236
154
232
343
594
189
178
124
364
271
520
189
185
234
298
214
51
178
62
119
167
208
85
127
673
687
464
392
274
78
223
93
42
126
331
109
319
231
273
403
158
152
172
185
175
75
197
267
166
259
152
165
222
172
227
167
158
284
176
166
226
284
217
193
65
224
86
230
177
63
184
536
174
308
158
689
165
200
74
156
345
184
125
190
236
313
240
162
112
208
176
105
238
368
229
177
171
616
298
264
542
479
268
156
168
276
639
191
228
381
168
190
163
188
367
619
552
165
171
262
165
165
176
176
223
312
60
207
659
276
301
168
424
188
208
188
212
155
280
220
167
474
150
196
208
238
192
403
308
156
515
250
165
206
303
154
576
211
53
207
104
159
62
162
175
643
59
42
182
597
248
84
175
218
194
153
47
187
417
171
155
95
75
245
166
122
203
505
190
194
222
290
51
292
583
380
670
180
203
179
256
54
195
395
422
258
234
218
106
235
97
201
204
74
311
192
417
402
208
409
310
200
55
162
355
210
208
203
151
196
178
415
165
680
219
73
176
190
62
188
99
386
525
215
176
172
467
190
235
151
211
156
232
186
278
540
184
254
234
182
390
282
163
266
421
266
174
653
158
160
162
515
180
72
157
269
181
171
255
250
383
178
292
247
203
190
198
313
276
389
213
376
93
116
156
238
202
244
387
180
381
621
181
289
515
374
192
229
199
564
149
440
65
73
75
171
251
273
319
187
227
118
270
154
305
528
246
220
55
202
250
201
228
604
180
250
196
85
225
257
75
270
334
298
201
168
164
150
114
177
240
291
220
224
129
166
168
31
572
155
298
65
177
51
153
77
152
550
195
570
296
177
205
321
170
84
157
149
178
155
227
64
221
409
249
430
238
178
124
237
378
197
86
336
197
252
195
205
613
63
219
440
207
149
625
366
210
199
267
179
243
437
187
185
188
150
167
169
178
245
365
231
205
82
222
238
201
215
315
214
246
344
447
239
72
84
253
232
72
187
194
160
319
209
167
165
204
61
159
356
165
697
233
136
519
385
82
226
300
583
177
189
340
68
52
602
150
73
185
204
400
189
199
171
387
198
215
218
353
178
185
178
178
340
296
214
168
415
200
203
185
318
151
183
320
218
367
243
255
54
188
208
299
178
264
289
158
197
246
173
243
397
163
258
110
245
188
155
296
172
250
85
154
194
206
197
250
551
208
629
395
209
182
73
251
209
94
292
222
196
155
222
188
225
398
633
85
278
331
159
346
164
161
178
191
226
243
180
255
581
259
178
287
155
237
552
341
246
157
386
197
361
184
195
639
167
233
219
168
147
201
65
201
270
264
299
426
319
165
312
256
585
107
52
175
161
210
186
197
86
568
163
341
149
62
87
685
224
235
224
225
188
177
55
232
306
355
176
265
209
225
181
629
201
195
180
191
316
296
411
581
129
210
184
218
447
208
370
568
247
286
214
233
167
183
432
152
354
373
154
382
206
181
204
409
632
225
421
162
292
230
298
173
258
165
172
113
292
367
238
292
340
380
238
159
447
171
351
220
197
406
600
168
155
236
175
279
173
197
225
235
226
244
639
237
201
284
216
392
408
374
66
311
169
581
176
556
224
167
171
217
261
176
151
215
43
194
565
207
348
46
169
128
159
99
155
554
152
154
42
231
72
428
263
198
227
297
671
292
202
640
265
168
245
417
253
180
170
283
211
55
402
43
153
218
98
168
115
147
136
199
175
270
53
310
75
610
610
282
286
52
321
107
212
164
54
179
426
557
676
117
216
74
154
75
601
155
183
126
64
95
162
298
158
165
168
260
599
149
197
548
161
164
50
351
237
549
395
190
467
407
158
246
231
224
167
65
371
265
236
60
210
170
411
194
186
165
85
195
167
431
65
212
320
194
153
279
230
359
340
174
176
71
193
218
423
227
162
217
400
496
201
484
206
74
624
352
276
228
318
201
220
170
322
175
165
188
444
208
331
439
476
350
42
229
157
207
221
76
156
635
188
58
203
544
274
161
215
206
188
197
230
45
139
196
163
210
395
178
80
169
53
226
597
246
69
165
152
176
479
178
185
531
201
238
437
516
169
85
381
344
345
254
427
71
205
207
166
406
234
43
281
176
241
170
186
410
366
262
207
195
172
62
151
273
79
214
425
298
376
199
245
179
88
168
238
172
242
60
257
642
75
190
446
163
469
241
229
44
60
609
374
93
138
61
349
160
259
75
239
94
207
220
411
340
386
165
228
194
204
178
178
362
165
174
62
320
371
214
206
55
152
170
268
494
245
407
459
221
74
207
217
413
151
190
230
185
165
221
55
383
72
251
150
174
248
389
190
97
287
174
217
590
170
401
245
346
307
615
350
117
179
140
184
339
242
181
288
158
210
154
196
114
104
177
334
159
96
232
278
62
674
319
195
183
396
64
111
686
214
200
245
228
180
217
177
386
458
288
95
256
453
216
180
326
204
229
453
167
160
273
458
221
175
242
184
332
152
288
172
114
349
278
396
197
332
594
417
168
71
61
158
222
86
304
363
72
174
204
197
586
187
368
323
82
462
368
253
75
264
320
108
203
627
407
174
204
186
201
167
201
247
68
180
251
203
153
193
460
238
174
256
239
238
292
267
631
216
160
66
370
266
158
598
139
156
302
210
168
108
577
205
226
206
452
325
216
191
54
42
74
54
220
207
150
161
167
188
558
155
211
82
216
217
372
62
150
632
77
182
260
189
170
162
54
256
161
349
211
75
171
51
186
225
410
160
229
162
270
456
278
316
169
424
188
170
308
206
158
237
244
205
176
183
327
642
217
232
207
65
210
166
381
192
163
208
556
208
156
452
247
346
187
658
156
199
319
246
442
187
291
582
410
405
94
168
211
152
220
293
291
209
93
348
349
262
164
65
225
254
224
369
207
192
342
174
160
235
75
244
648
257
290
72
248
177
520
163
190
244
217
218
168
255
265
55
232
366
499
85
52
205
634
54
290
85
52
192
341
174
457
99
233
321
221
162
194
52
72
318
369
152
607
236
84
54
214
255
391
206
82
65
236
453
225
159
54
42
203
368
151
229
186
196
161
215
238
172
55
355
64
86
303
234
385
190
332
483
236
167
663
342
177
158
202
187
265
190
181
173
117
94
55
158
37
150
350
420
182
632
582
177
589
211
205
181
150
170
186
240
65
127
275
322
51
262
189
97
152
351
317
253
176
360
238
204
247
178
216
199
64
315
310
199
215
176
54
106
153
214
201
156
194
371
191
169
385
203
254
186
157
180
54
165
165
77
249
313
174
178
263
199
235
336
465
179
217
152
243
301
181
366
171
220
272
223
205
263
170
210
184
279
51
619
181
210
639
152
375
225
207
209
75
494
237
165
156
201
149
196
167
199
250
455
178
151
158
197
287
316
217
478
94
74
241
114
365
65
581
152
188
307
185
199
280
84
542
195
255
114
277
179
647
219
167
360
403
200
181
154
365
615
261
55
62
168
282
167
199
219
262
377
155
112
190
220
381
344
187
289
231
373
213
404
85
212
250
215
65
217
545
94
238
152
172
165
606
215
88
621
262
230
221
253
265
218
171
186
199
195
232
168
242
76
196
367
198
395
219
508
282
55
159
287
200
424
186
183
234
74
669
188
176
384
158
184
164
74
73
354
92
493
200
176
167
88
270
632
248
280
179
286
292
563
155
451
115
64
216
377
187
164
155
218
234
209
198
167
257
53
289
74
174
218
184
157
195
160
211
213
455
271
360
219
302
238
189
201
288
217
201
149
92
239
219
203
182
214
290
371
210
692
260
601
211
210
157
464
297
203
150
177
293
221
176
320
517
348
181
196
204
494
343
343
158
276
149
660
263
165
186
159
428
178
167
174
206
248
276
229
94
171
172
537
153
188
66
334
195
135
319
249
378
288
268
181
278
104
274
233
351
188
174
379
56
52
191
180
218
166
156
582
237
236
155
350
224
431
242
188
198
157
192
327
175
186
199
531
404
167
411
357
149
557
183
153
285
197
172
167
161
214
288
133
76
206
197
255
195
189
63
160
185
64
168
269
251
375
203
379
250
300
219
362
76
288
207
119
347
171
555
165
259
187
172
278
329
279
241
180
179
255
160
317
223
689
156
268
151
265
655
105
417
156
262
150
179
200
74
220
252
261
54
263
212
191
636
202
581
180
198
173
192
187
283
218
661
157
173
409
474
152
327
256
308
518
630
236
371
213
116
214
255
275
291
323
196
592
284
189
39
402
315
181
120
42
178
296
116
175
238
316
323
170
194
217
184
365
232
195
180
182
75
216
86
168
59
169
52
94
342
55
57
150
163
211
242
161
191
235
409
200
164
314
434
433
159
207
179
60
126
76
333
336
178
387
332
171
217
88
234
394
551
159
156
230
355
170
235
690
277
251
376
187
203
218
508
72
156
550
283
160
646
178
605
563
183
58
375
443
227
212
239
187
216
231
62
387
169
183
255
222
184
203
181
604
224
233
230
51
202
246
185
95
270
255
169
169
152
180
283
175
401
348
235
155
225
599
213
167
211
522
74
621
228
206
201
206
52
171
256
594
337
185
209
187
99
224
310
211
240
249
329
150
68
207
358
280
217
360
286
52
204
204
281
386
288
277
176
150
213
257
497
209
162
228
177
155
200
183
65
583
333
169
179
293
700
187
178
187
73
204
524
158
354
106
210
179
193
242
81
150
230
421
251
191
230
187
270
598
625
212
196
76
217
449
68
64
270
167
162
227
156
195
91
511
193
52
115
200
222
180
360
212
401
249
65
157
85
174
187
65
362
169
616
193
415
260
51
182
285
114
260
77
188
75
209
331
195
346
162
55
171
198
43
169
218
144
186
406
184
668
446
353
272
261
176
568
231
94
226
237
200
162
183
368
352
207
160
101
197
458
695
168
208
494
300
182
228
159
233
215
202
589
441
189
196
181
319
150
219
175
362
180
133
43
244
65
64
232
185
167
231
176
381
351
160
200
66
139
191
371
291
373
75
225
226
234
374
191
270
431
302
227
152
174
152
236
328
444
227
562
156
385
116
92
204
155
418
264
64
216
631
186
228
199
232
190
313
461
334
315
571
278
284
533
128
446
158
389
218
151
283
102
697
209
340
237
187
198
249
101
545
414
215
178
185
644
403
278
257
214
267
337
526
287
249
660
237
193
312
246
388
83
163
227
157
162
74
177
270
259
180
277
496
550
160
385
201
189
155
135
86
287
578
241
338
196
216
252
260
203
250
665
180
162
230
398
402
302
174
73
375
54
449
615
177
222
208
173
215
218
153
197
54
427
286
187
191
395
162
363
483
207
208
175
65
185
182
201
211
206
376
431
208
172
397
590
581
184
67
206
335
440
438
194
54
246
307
174
200
250
406
155
173
199
225
261
225
54
216
161
80
357
433
447
117
195
449
424
62
97
414
223
592
116
198
207
253
150
225
521
221
191
150
212
380
77
227
392
226
212
275
271
491
217
92
367
76
167
546
394
223
229
174
246
164
216
97
67
169
209
672
62
104
574
194
188
439
201
381
524
492
214
349
335
365
217
75
80
323
497
221
191
234
257
162
284
303
269
329
367
55
165
202
362
699
245
214
176
258
301
175
292
226
195
304
252
408
388
468
182
388
532
64
313
183
184
151
234
161
179
210
92
215
178
202
82
205
63
122
197
250
61
218
153
139
208
161
197
173
203
695
602
426
219
106
175
286
190
174
641
332
64
319
200
462
244
267
190
78
164
160
77
540
584
173
194
240
380
189
338
61
150
78
211
277
324
74
162
186
204
382
63
66
45
153
243
204
656
172
260
471
208
153
77
339
674
293
543
59
541
475
216
64
63
199
210
207
385
246
237
324
51
237
172
53
598
164
169
164
199
197
449
232
320
127
309
244
247
377
203
250
62
152
694
204
341
228
320
398
330
153
225
153
209
368
496
592
234
189
251
408
126
176
230
159
147
248
645
666
195
55
75
370
199
208
663
54
189
159
227
207
334
206
560
524
128
443
212
152
192
270
569
65
181
98
230
181
170
229
85
165
191
293
243
332
418
175
232
279
329
365
165
190
353
406
153
267
186
77
394
166
220
411
227
152
76
545
198
256
383
584
185
181
236
153
241
214
484
175
164
241
281
51
476
158
257
167
163
73
546
465
203
169
176
149
259
44
170
204
563
265
242
195
64
317
232
327
300
245
185
86
82
251
174
207
649
197
165
176
120
191
408
154
56
150
236
578
590
287
168
160
250
241
378
483
42
64
544
406
690
243
179
186
94
423
192
164
283
223
601
184
382
687
258
578
185
207
275
114
237
400
51
350
321
196
225
322
61
84
549
457
177
235
224
188
386
160
279
206
175
632
236
207
161
162
64
673
224
54
240
235
210
172
459
95
265
260
189
284
250
327
63
155
674
470
66
309
276
152
618
120
183
222
225
330
426
634
189
536
567
187
544
530
346
171
157
156
421
408
234
216
415
359
52
697
378
309
183
166
338
375
75
104
169
199
154
212
168
183
213
220
609
203
210
240
173
226
248
360
570
331
194
221
280
227
198
542
164
233
263
161
211
85
181
165
125
548
530
254
171
64
169
188
157
220
209
52
56
295
159
315
73
199
153
75
323
521
180
259
195
263
195
157
497
259
181
209
262
302
53
54
159
337
390
187
173
208
378
52
198
162
55
176
186
184
61
271
65
77
265
304
86
242
340
236
167
61
248
158
203
183
229
201
186
698
215
211
203
384
410
590
574
340
224
267
290
531
152
178
261
215
226
540
286
230
229
153
554
194
212
215
214
153
196
195
179
169
185
296
195
154
56
220
479
176
184
198
235
177
96
197
163
494
83
173
345
315
157
162
159
258
184
171
205
390
214
404
236
594
197
201
180
198
345
647
150
366
166
308
190
97
277
181
188
636
254
181
249
86
229
155
261
229
155
240
300
215
106
510
81
435
154
305
168
156
203
168
238
151
343
213
544
160
208
602
214
550
215
406
318
72
213
238
85
184
235
187
176
246
361
359
267
166
464
223
330
283
172
303
245
212
169
204
193
393
276
516
573
317
237
397
472
207
216
155
321
301
216
204
355
218
152
186
517
171
